1.000000000000000021e-02
1.100900900900900758e-01
2.101801801801801706e-01
3.102702702702702653e-01
4.103603603603603323e-01
5.104504504504504547e-01
6.105405405405405217e-01
7.106306306306305887e-01
8.107207207207206556e-01
9.108108108108107226e-01
1.010900900900900901e+00
1.110990990990990968e+00
1.211081081081081035e+00
1.311171171171171101e+00
1.411261261261261168e+00
1.511351351351351235e+00
1.611441441441441302e+00
1.711531531531531369e+00
1.811621621621621436e+00
1.911711711711711503e+00
2.011801801801801570e+00
2.111891891891891415e+00
2.211981981981981704e+00
2.312072072072071549e+00
2.412162162162161838e+00
2.512252252252251683e+00
2.612342342342341972e+00
2.712432432432431817e+00
2.812522522522522106e+00
2.912612612612611951e+00
3.012702702702702240e+00
3.112792792792792085e+00
3.212882882882882374e+00
3.312972972972972663e+00
3.413063063063062508e+00
3.513153153153152797e+00
3.613243243243242642e+00
3.713333333333332931e+00
3.813423423423422776e+00
3.913513513513513065e+00
4.013603603603603354e+00
4.113693693693693199e+00
4.213783783783783043e+00
4.313873873873872888e+00
4.413963963963963621e+00
4.514054054054053466e+00
4.614144144144143311e+00
4.714234234234233156e+00
4.814324324324323889e+00
4.914414414414413734e+00
5.014504504504503579e+00
5.114594594594594312e+00
5.214684684684684157e+00
5.314774774774774002e+00
5.414864864864863847e+00
5.514954954954954580e+00
5.615045045045044425e+00
5.715135135135134270e+00
5.815225225225224115e+00
5.915315315315314848e+00
6.015405405405404693e+00
6.115495495495494538e+00
6.215585585585584383e+00
6.315675675675675116e+00
6.415765765765764961e+00
6.515855855855854806e+00
6.615945945945945539e+00
6.716036036036035384e+00
6.816126126126125229e+00
6.916216216216215074e+00
7.016306306306305807e+00
7.116396396396395652e+00
7.216486486486485497e+00
7.316576576576575341e+00
7.416666666666666075e+00
7.516756756756755919e+00
7.616846846846845764e+00
7.716936936936935609e+00
7.817027027027026342e+00
7.917117117117116187e+00
8.017207207207206920e+00
8.117297297297296765e+00
8.217387387387386610e+00
8.317477477477476455e+00
8.417567567567566300e+00
8.517657657657656145e+00
8.617747747747745990e+00
8.717837837837837611e+00
8.817927927927927456e+00
8.918018018018017301e+00
9.018108108108107146e+00
9.118198198198196991e+00
9.218288288288286836e+00
9.318378378378376681e+00
9.418468468468466526e+00
9.518558558558558147e+00
9.618648648648647992e+00
9.718738738738737837e+00
9.818828828828827682e+00
9.918918918918917527e+00
1.001900900900900737e+01
1.011909909909909722e+01
1.021918918918918884e+01
1.031927927927927868e+01
1.041936936936936853e+01
1.051945945945945837e+01
1.061954954954954822e+01
1.071963963963963806e+01
1.081972972972972791e+01
1.091981981981981775e+01
1.101990990990990937e+01
1.111999999999999922e+01
1.122009009009008906e+01
1.132018018018017891e+01
1.142027027027026875e+01
1.152036036036035860e+01
1.162045045045044844e+01
1.172054054054054006e+01
1.182063063063062991e+01
1.192072072072071975e+01
1.202081081081080960e+01
1.212090090090089944e+01
1.222099099099098929e+01
1.232108108108107913e+01
1.242117117117116898e+01
1.252126126126126060e+01
1.262135135135135044e+01
1.272144144144144029e+01
1.282153153153153013e+01
1.292162162162161998e+01
1.302171171171170982e+01
1.312180180180179967e+01
1.322189189189189129e+01
1.332198198198198114e+01
1.342207207207207098e+01
1.352216216216216083e+01
1.362225225225225067e+01
1.372234234234234052e+01
1.382243243243243036e+01
1.392252252252252021e+01
1.402261261261261183e+01
1.412270270270270167e+01
1.422279279279279152e+01
1.432288288288288136e+01
1.442297297297297121e+01
1.452306306306306105e+01
1.462315315315315090e+01
1.472324324324324252e+01
1.482333333333333236e+01
1.492342342342342221e+01
1.502351351351351205e+01
1.512360360360360190e+01
1.522369369369369174e+01
1.532378378378378159e+01
1.542387387387387143e+01
1.552396396396396305e+01
1.562405405405405290e+01
1.572414414414414274e+01
1.582423423423423259e+01
1.592432432432432243e+01
1.602441441441441583e+01
1.612450450450450390e+01
1.622459459459459552e+01
1.632468468468468359e+01
1.642477477477477521e+01
1.652486486486486328e+01
1.662495495495495490e+01
1.672504504504504652e+01
1.682513513513513459e+01
1.692522522522522621e+01
1.702531531531531428e+01
1.712540540540540590e+01
1.722549549549549397e+01
1.732558558558558559e+01
1.742567567567567721e+01
1.752576576576576528e+01
1.762585585585585690e+01
1.772594594594594497e+01
1.782603603603603659e+01
1.792612612612612466e+01
1.802621621621621628e+01
1.812630630630630790e+01
1.822639639639639597e+01
1.832648648648648759e+01
1.842657657657657566e+01
1.852666666666666728e+01
1.862675675675675535e+01
1.872684684684684697e+01
1.882693693693693504e+01
1.892702702702702666e+01
1.902711711711711828e+01
1.912720720720720635e+01
1.922729729729729797e+01
1.932738738738738604e+01
1.942747747747747766e+01
1.952756756756756573e+01
1.962765765765765735e+01
1.972774774774774897e+01
1.982783783783783704e+01
1.992792792792792866e+01
2.002801801801801673e+01
2.012810810810810835e+01
2.022819819819819642e+01
2.032828828828828804e+01
2.042837837837837967e+01
2.052846846846846773e+01
2.062855855855855935e+01
2.072864864864864742e+01
2.082873873873873904e+01
2.092882882882882711e+01
2.102891891891891873e+01
2.112900900900901036e+01
2.122909909909909842e+01
2.132918918918919005e+01
2.142927927927927811e+01
2.152936936936936974e+01
2.162945945945945780e+01
2.172954954954954943e+01
2.182963963963963749e+01
2.192972972972972912e+01
2.202981981981982074e+01
2.212990990990990881e+01
2.223000000000000043e+01
2.233009009009008849e+01
2.243018018018018012e+01
2.253027027027026818e+01
2.263036036036035981e+01
2.273045045045045143e+01
2.283054054054053950e+01
2.293063063063063112e+01
2.303072072072071919e+01
2.313081081081081081e+01
2.323090090090089888e+01
2.333099099099099050e+01
2.343108108108108212e+01
2.353117117117117019e+01
2.363126126126126181e+01
2.373135135135134988e+01
2.383144144144144150e+01
2.393153153153152957e+01
2.403162162162162119e+01
2.413171171171171281e+01
2.423180180180180088e+01
2.433189189189189250e+01
2.443198198198198057e+01
2.453207207207207219e+01
2.463216216216216026e+01
2.473225225225225188e+01
2.483234234234233995e+01
2.493243243243243157e+01
2.503252252252252319e+01
2.513261261261261126e+01
2.523270270270270288e+01
2.533279279279279095e+01
2.543288288288288257e+01
2.553297297297297064e+01
2.563306306306306226e+01
2.573315315315315388e+01
2.583324324324324195e+01
2.593333333333333357e+01
2.603342342342342164e+01
2.613351351351351326e+01
2.623360360360360133e+01
2.633369369369369295e+01
2.643378378378378457e+01
2.653387387387387264e+01
2.663396396396396426e+01
2.673405405405405233e+01
2.683414414414414395e+01
2.693423423423423202e+01
2.703432432432432364e+01
2.713441441441441171e+01
2.723450450450450333e+01
2.733459459459459495e+01
2.743468468468468302e+01
2.753477477477477464e+01
2.763486486486486271e+01
2.773495495495495433e+01
2.783504504504504240e+01
2.793513513513513402e+01
2.803522522522522564e+01
2.813531531531531371e+01
2.823540540540540533e+01
2.833549549549549340e+01
2.843558558558558502e+01
2.853567567567567309e+01
2.863576576576576471e+01
2.873585585585585633e+01
2.883594594594594440e+01
2.893603603603603602e+01
2.903612612612612409e+01
2.913621621621621571e+01
2.923630630630630378e+01
2.933639639639639540e+01
2.943648648648648702e+01
2.953657657657657509e+01
2.963666666666666671e+01
2.973675675675675478e+01
2.983684684684684640e+01
2.993693693693693447e+01
3.003702702702702609e+01
3.013711711711711416e+01
3.023720720720720578e+01
3.033729729729729740e+01
3.043738738738738547e+01
3.053747747747747709e+01
3.063756756756756516e+01
3.073765765765765678e+01
3.083774774774774485e+01
3.093783783783783647e+01
3.103792792792792810e+01
3.113801801801801616e+01
3.123810810810810779e+01
3.133819819819819585e+01
3.143828828828828748e+01
3.153837837837837554e+01
3.163846846846846717e+01
3.173855855855855879e+01
3.183864864864864686e+01
3.193873873873873848e+01
3.203882882882882654e+01
3.213891891891891106e+01
3.223900900900900268e+01
3.233909909909909430e+01
3.243918918918918592e+01
3.253927927927927755e+01
3.263936936936936206e+01
3.273945945945945368e+01
3.283954954954954530e+01
3.293963963963963693e+01
3.303972972972972144e+01
3.313981981981981306e+01
3.323990990990990468e+01
3.333999999999999631e+01
3.344009009009008793e+01
3.354018018018017244e+01
3.364027027027026406e+01
3.374036036036035568e+01
3.384045045045044731e+01
3.394054054054053893e+01
3.404063063063062344e+01
3.414072072072071506e+01
3.424081081081080669e+01
3.434090090090089831e+01
3.444099099099098282e+01
3.454108108108107444e+01
3.464117117117116607e+01
3.474126126126125769e+01
3.484135135135134931e+01
3.494144144144143382e+01
3.504153153153152545e+01
3.514162162162161707e+01
3.524171171171170869e+01
3.534180180180179320e+01
3.544189189189188482e+01
3.554198198198197645e+01
3.564207207207206807e+01
3.574216216216215969e+01
3.584225225225224420e+01
3.594234234234233583e+01
3.604243243243242745e+01
3.614252252252251907e+01
3.624261261261261069e+01
3.634270270270269521e+01
3.644279279279278683e+01
3.654288288288287845e+01
3.664297297297297007e+01
3.674306306306305459e+01
3.684315315315314621e+01
3.694324324324323783e+01
3.704333333333332945e+01
3.714342342342342107e+01
3.724351351351350559e+01
3.734360360360359721e+01
3.744369369369368883e+01
3.754378378378378045e+01
3.764387387387386497e+01
3.774396396396395659e+01
3.784405405405404821e+01
3.794414414414413983e+01
3.804423423423423145e+01
3.814432432432431597e+01
3.824441441441440759e+01
3.834450450450449921e+01
3.844459459459459083e+01
3.854468468468468245e+01
3.864477477477476697e+01
3.874486486486485859e+01
3.884495495495495021e+01
3.894504504504504183e+01
3.904513513513512635e+01
3.914522522522521797e+01
3.924531531531530959e+01
3.934540540540540121e+01
3.944549549549549283e+01
3.954558558558557735e+01
3.964567567567566897e+01
3.974576576576576059e+01
3.984585585585585221e+01
3.994594594594593673e+01
4.004603603603602835e+01
4.014612612612611997e+01
4.024621621621621159e+01
4.034630630630630321e+01
4.044639639639638773e+01
4.054648648648647935e+01
4.064657657657657097e+01
4.074666666666666259e+01
4.084675675675675421e+01
4.094684684684683873e+01
4.104693693693693035e+01
4.114702702702702197e+01
4.124711711711711359e+01
4.134720720720719811e+01
4.144729729729728973e+01
4.154738738738738135e+01
4.164747747747747297e+01
4.174756756756756459e+01
4.184765765765764911e+01
4.194774774774774073e+01
4.204783783783783235e+01
4.214792792792792397e+01
4.224801801801801560e+01
4.234810810810810011e+01
4.244819819819819173e+01
4.254828828828828335e+01
4.264837837837837498e+01
4.274846846846845949e+01
4.284855855855855111e+01
4.294864864864864273e+01
4.304873873873873436e+01
4.314882882882882598e+01
4.324891891891891049e+01
4.334900900900900211e+01
4.344909909909909373e+01
4.354918918918918536e+01
4.364927927927926987e+01
4.374936936936936149e+01
4.384945945945945311e+01
4.394954954954954474e+01
4.404963963963963636e+01
4.414972972972972087e+01
4.424981981981981249e+01
4.434990990990990412e+01
4.444999999999999574e+01
4.455009009009008736e+01
4.465018018018017187e+01
4.475027027027026350e+01
4.485036036036035512e+01
4.495045045045044674e+01
4.505054054054053125e+01
4.515063063063062287e+01
4.525072072072071450e+01
4.535081081081080612e+01
4.545090090090089774e+01
4.555099099099098225e+01
4.565108108108107388e+01
4.575117117117116550e+01
4.585126126126125712e+01
4.595135135135134163e+01
4.605144144144143326e+01
4.615153153153152488e+01
4.625162162162161650e+01
4.635171171171170812e+01
4.645180180180179264e+01
4.655189189189188426e+01
4.665198198198197588e+01
4.675207207207206750e+01
4.685216216216215912e+01
4.695225225225224364e+01
4.705234234234233526e+01
4.715243243243242688e+01
4.725252252252251850e+01
4.735261261261260302e+01
4.745270270270269464e+01
4.755279279279278626e+01
4.765288288288287788e+01
4.775297297297296950e+01
4.785306306306305402e+01
4.795315315315314564e+01
4.805324324324323726e+01
4.815333333333332888e+01
4.825342342342342050e+01
4.835351351351350502e+01
4.845360360360359664e+01
4.855369369369368826e+01
4.865378378378377988e+01
4.875387387387386440e+01
4.885396396396395602e+01
4.895405405405404764e+01
4.905414414414413926e+01
4.915423423423423088e+01
4.925432432432431540e+01
4.935441441441440702e+01
4.945450450450449864e+01
4.955459459459459026e+01
4.965468468468467478e+01
4.975477477477476640e+01
4.985486486486485802e+01
4.995495495495494964e+01
5.005504504504504126e+01
5.015513513513512578e+01
5.025522522522521740e+01
5.035531531531530902e+01
5.045540540540540064e+01
5.055549549549549226e+01
5.065558558558557678e+01
5.075567567567566840e+01
5.085576576576576002e+01
5.095585585585585164e+01
5.105594594594593616e+01
5.115603603603602778e+01
5.125612612612611940e+01
5.135621621621621102e+01
5.145630630630630264e+01
5.155639639639638716e+01
5.165648648648647878e+01
5.175657657657657040e+01
5.185666666666666202e+01
5.195675675675674654e+01
5.205684684684683816e+01
5.215693693693692978e+01
5.225702702702702140e+01
5.235711711711711303e+01
5.245720720720719754e+01
5.255729729729728916e+01
5.265738738738738078e+01
5.275747747747747241e+01
5.285756756756756403e+01
5.295765765765764854e+01
5.305774774774774016e+01
5.315783783783783178e+01
5.325792792792792341e+01
5.335801801801800792e+01
5.345810810810809954e+01
5.355819819819819116e+01
5.365828828828828279e+01
5.375837837837837441e+01
5.385846846846845892e+01
5.395855855855855054e+01
5.405864864864864217e+01
5.415873873873873379e+01
5.425882882882881830e+01
5.435891891891890992e+01
5.445900900900900155e+01
5.455909909909909317e+01
5.465918918918918479e+01
5.475927927927926930e+01
5.485936936936936092e+01
5.495945945945945255e+01
5.505954954954954417e+01
5.515963963963963579e+01
5.525972972972972030e+01
5.535981981981981193e+01
5.545990990990990355e+01
5.555999999999999517e+01
5.566009009009007968e+01
5.576018018018017131e+01
5.586027027027026293e+01
5.596036036036035455e+01
5.606045045045044617e+01
5.616054054054053069e+01
5.626063063063062231e+01
5.636072072072071393e+01
5.646081081081080555e+01
5.656090090090089717e+01
5.666099099099098169e+01
5.676108108108107331e+01
5.686117117117116493e+01
5.696126126126125655e+01
5.706135135135134107e+01
5.716144144144143269e+01
5.726153153153152431e+01
5.736162162162161593e+01
5.746171171171170755e+01
5.756180180180179207e+01
5.766189189189188369e+01
5.776198198198197531e+01
5.786207207207206693e+01
5.796216216216215145e+01
5.806225225225224307e+01
5.816234234234233469e+01
5.826243243243242631e+01
5.836252252252251793e+01
5.846261261261260245e+01
5.856270270270269407e+01
5.866279279279278569e+01
5.876288288288287731e+01
5.886297297297296893e+01
5.896306306306305345e+01
5.906315315315314507e+01
5.916324324324323669e+01
5.926333333333332831e+01
5.936342342342341283e+01
5.946351351351350445e+01
5.956360360360359607e+01
5.966369369369368769e+01
5.976378378378377931e+01
5.986387387387386383e+01
5.996396396396395545e+01
6.006405405405404707e+01
6.016414414414413869e+01
6.026423423423422321e+01
6.036432432432431483e+01
6.046441441441440645e+01
6.056450450450449807e+01
6.066459459459458969e+01
6.076468468468467421e+01
6.086477477477476583e+01
6.096486486486485745e+01
6.106495495495494907e+01
6.116504504504504069e+01
6.126513513513512521e+01
6.136522522522521683e+01
6.146531531531530845e+01
6.156540540540540007e+01
6.166549549549548459e+01
6.176558558558557621e+01
6.186567567567566783e+01
6.196576576576575945e+01
6.206585585585585108e+01
6.216594594594593559e+01
6.226603603603602721e+01
6.236612612612611883e+01
6.246621621621621046e+01
6.256630630630630208e+01
6.266639639639638659e+01
6.276648648648647821e+01
6.286657657657656983e+01
6.296666666666666146e+01
6.306675675675674597e+01
6.316684684684683759e+01
6.326693693693692921e+01
6.336702702702702084e+01
6.346711711711711246e+01
6.356720720720719697e+01
6.366729729729728859e+01
6.376738738738738022e+01
6.386747747747747184e+01
6.396756756756755635e+01
6.406765765765766218e+01
6.416774774774775381e+01
6.426783783783783122e+01
6.436792792792792284e+01
6.446801801801801446e+01
6.456810810810810608e+01
6.466819819819819770e+01
6.476828828828828932e+01
6.486837837837838094e+01
6.496846846846847257e+01
6.506855855855856419e+01
6.516864864864864160e+01
6.526873873873873322e+01
6.536882882882882484e+01
6.546891891891891646e+01
6.556900900900900808e+01
6.566909909909909970e+01
6.576918918918919132e+01
6.586927927927928295e+01
6.596936936936937457e+01
6.606945945945945198e+01
6.616954954954954360e+01
6.626963963963963522e+01
6.636972972972972684e+01
6.646981981981981846e+01
6.656990990990991008e+01
6.667000000000000171e+01
6.677009009009009333e+01
6.687018018018018495e+01
6.697027027027026236e+01
6.707036036036035398e+01
6.717045045045044560e+01
6.727054054054053722e+01
6.737063063063062884e+01
6.747072072072072046e+01
6.757081081081081209e+01
6.767090090090090371e+01
6.777099099099099533e+01
6.787108108108108695e+01
6.797117117117116436e+01
6.807126126126125598e+01
6.817135135135134760e+01
6.827144144144143922e+01
6.837153153153153085e+01
6.847162162162162247e+01
6.857171171171171409e+01
6.867180180180180571e+01
6.877189189189189733e+01
6.887198198198197474e+01
6.897207207207206636e+01
6.907216216216215798e+01
6.917225225225224960e+01
6.927234234234234123e+01
6.937243243243243285e+01
6.947252252252252447e+01
6.957261261261261609e+01
6.967270270270270771e+01
6.977279279279278512e+01
6.987288288288287674e+01
6.997297297297296836e+01
7.007306306306305999e+01
7.017315315315315161e+01
7.027324324324324323e+01
7.037333333333333485e+01
7.047342342342342647e+01
7.057351351351351809e+01
7.067360360360359550e+01
7.077369369369368712e+01
7.087378378378377874e+01
7.097387387387387037e+01
7.107396396396396199e+01
7.117405405405405361e+01
7.127414414414414523e+01
7.137423423423423685e+01
7.147432432432432847e+01
7.157441441441440588e+01
7.167450450450449750e+01
7.177459459459458913e+01
7.187468468468468075e+01
7.197477477477477237e+01
7.207486486486486399e+01
7.217495495495495561e+01
7.227504504504504723e+01
7.237513513513513885e+01
7.247522522522523047e+01
7.257531531531530788e+01
7.267540540540539951e+01
7.277549549549549113e+01
7.287558558558558275e+01
7.297567567567567437e+01
7.307576576576576599e+01
7.317585585585585761e+01
7.327594594594594923e+01
7.337603603603604085e+01
7.347612612612611827e+01
7.357621621621620989e+01
7.367630630630630151e+01
7.377639639639639313e+01
7.387648648648648475e+01
7.397657657657657637e+01
7.407666666666666799e+01
7.417675675675675961e+01
7.427684684684685124e+01
7.437693693693692865e+01
7.447702702702702027e+01
7.457711711711711189e+01
7.467720720720720351e+01
7.477729729729729513e+01
7.487738738738738675e+01
7.497747747747747837e+01
7.507756756756756999e+01
7.517765765765766162e+01
7.527774774774773903e+01
7.537783783783783065e+01
7.547792792792792227e+01
7.557801801801801389e+01
7.567810810810810551e+01
7.577819819819819713e+01
7.587828828828828875e+01
7.597837837837838038e+01
7.607846846846847200e+01
7.617855855855856362e+01
7.627864864864864103e+01
7.637873873873873265e+01
7.647882882882882427e+01
7.657891891891891589e+01
7.667900900900900751e+01
7.677909909909909913e+01
7.687918918918919076e+01
7.697927927927928238e+01
7.707936936936937400e+01
7.717945945945945141e+01
7.727954954954954303e+01
7.737963963963963465e+01
7.747972972972972627e+01
7.757981981981981789e+01
7.767990990990990952e+01
7.778000000000000114e+01
7.788009009009009276e+01
7.798018018018018438e+01
7.808027027027026179e+01
7.818036036036035341e+01
7.828045045045044503e+01
7.838054054054053665e+01
7.848063063063062827e+01
7.858072072072071990e+01
7.868081081081081152e+01
7.878090090090090314e+01
7.888099099099099476e+01
7.898108108108107217e+01
7.908117117117116379e+01
7.918126126126125541e+01
7.928135135135134703e+01
7.938144144144143866e+01
7.948153153153153028e+01
7.958162162162162190e+01
7.968171171171171352e+01
7.978180180180180514e+01
7.988189189189188255e+01
7.998198198198197417e+01
8.008207207207206579e+01
8.018216216216215741e+01
8.028225225225224904e+01
8.038234234234234066e+01
8.048243243243243228e+01
8.058252252252252390e+01
8.068261261261261552e+01
8.078270270270270714e+01
8.088279279279278455e+01
8.098288288288287617e+01
8.108297297297296780e+01
8.118306306306305942e+01
8.128315315315315104e+01
8.138324324324324266e+01
8.148333333333333428e+01
8.158342342342342590e+01
8.168351351351351752e+01
8.178360360360359493e+01
8.188369369369368655e+01
8.198378378378377818e+01
8.208387387387386980e+01
8.218396396396396142e+01
8.228405405405405304e+01
8.238414414414414466e+01
8.248423423423423628e+01
8.258432432432432790e+01
8.268441441441440531e+01
8.278450450450449694e+01
8.288459459459458856e+01
8.298468468468468018e+01
8.308477477477477180e+01
8.318486486486486342e+01
8.328495495495495504e+01
8.338504504504504666e+01
8.348513513513513828e+01
8.358522522522521569e+01
8.368531531531530732e+01
8.378540540540539894e+01
8.388549549549549056e+01
8.398558558558558218e+01
8.408567567567567380e+01
8.418576576576576542e+01
8.428585585585585704e+01
8.438594594594594867e+01
8.448603603603604029e+01
8.458612612612611770e+01
8.468621621621620932e+01
8.478630630630630094e+01
8.488639639639639256e+01
8.498648648648648418e+01
8.508657657657657580e+01
8.518666666666666742e+01
8.528675675675675905e+01
8.538684684684685067e+01
8.548693693693692808e+01
8.558702702702701970e+01
8.568711711711711132e+01
8.578720720720720294e+01
8.588729729729729456e+01
8.598738738738738618e+01
8.608747747747747781e+01
8.618756756756756943e+01
8.628765765765766105e+01
8.638774774774773846e+01
8.648783783783783008e+01
8.658792792792792170e+01
8.668801801801801332e+01
8.678810810810810494e+01
8.688819819819819656e+01
8.698828828828828819e+01
8.708837837837837981e+01
8.718846846846847143e+01
8.728855855855854884e+01
8.738864864864864046e+01
8.748873873873873208e+01
8.758882882882882370e+01
8.768891891891891532e+01
8.778900900900900695e+01
8.788909909909909857e+01
8.798918918918919019e+01
8.808927927927928181e+01
8.818936936936937343e+01
8.828945945945945084e+01
8.838954954954954246e+01
8.848963963963963408e+01
8.858972972972972570e+01
8.868981981981981733e+01
8.878990990990990895e+01
8.889000000000000057e+01
8.899009009009009219e+01
8.909018018018018381e+01
8.919027027027026122e+01
8.929036036036035284e+01
8.939045045045044446e+01
8.949054054054053609e+01
8.959063063063062771e+01
8.969072072072071933e+01
8.979081081081081095e+01
8.989090090090090257e+01
8.999099099099099419e+01
9.009108108108107160e+01
9.019117117117116322e+01
9.029126126126125484e+01
9.039135135135134647e+01
9.049144144144143809e+01
9.059153153153152971e+01
9.069162162162162133e+01
9.079171171171171295e+01
9.089180180180180457e+01
9.099189189189188198e+01
9.109198198198197360e+01
9.119207207207206523e+01
9.129216216216215685e+01
9.139225225225224847e+01
9.149234234234234009e+01
9.159243243243243171e+01
9.169252252252252333e+01
9.179261261261261495e+01
9.189270270270269236e+01
9.199279279279278398e+01
9.209288288288287561e+01
9.219297297297296723e+01
9.229306306306305885e+01
9.239315315315315047e+01
9.249324324324324209e+01
9.259333333333333371e+01
9.269342342342342533e+01
9.279351351351351695e+01
9.289360360360359437e+01
9.299369369369368599e+01
9.309378378378377761e+01
9.319387387387386923e+01
9.329396396396396085e+01
9.339405405405405247e+01
9.349414414414414409e+01
9.359423423423423571e+01
9.369432432432432734e+01
9.379441441441440475e+01
9.389450450450449637e+01
9.399459459459458799e+01
9.409468468468467961e+01
9.419477477477477123e+01
9.429486486486486285e+01
9.439495495495495447e+01
9.449504504504504609e+01
9.459513513513513772e+01
9.469522522522521513e+01
9.479531531531530675e+01
9.489540540540539837e+01
9.499549549549548999e+01
9.509558558558558161e+01
9.519567567567567323e+01
9.529576576576576485e+01
9.539585585585585648e+01
9.549594594594594810e+01
9.559603603603602551e+01
9.569612612612611713e+01
9.579621621621620875e+01
9.589630630630630037e+01
9.599639639639639199e+01
9.609648648648648361e+01
9.619657657657657523e+01
9.629666666666666686e+01
9.639675675675675848e+01
9.649684684684685010e+01
9.659693693693692751e+01
9.669702702702701913e+01
9.679711711711711075e+01
9.689720720720720237e+01
9.699729729729729399e+01
9.709738738738738562e+01
9.719747747747747724e+01
9.729756756756756886e+01
9.739765765765766048e+01
9.749774774774773789e+01
9.759783783783782951e+01
9.769792792792792113e+01
9.779801801801801275e+01
9.789810810810810437e+01
9.799819819819819600e+01
9.809828828828828762e+01
9.819837837837837924e+01
9.829846846846847086e+01
9.839855855855854827e+01
9.849864864864863989e+01
9.859873873873873151e+01
9.869882882882882313e+01
9.879891891891891476e+01
9.889900900900900638e+01
9.899909909909909800e+01
9.909918918918918962e+01
9.919927927927928124e+01
9.929936936936935865e+01
9.939945945945945027e+01
9.949954954954954189e+01
9.959963963963963351e+01
9.969972972972972514e+01
9.979981981981981676e+01
9.989990990990990838e+01
1.000000000000000000e+02
