text
text
text
4.448920000000000097e-01 5.999999999999999778e-02
4.460052999999999934e-01 6.800000000000000488e-02
4.471214000000000022e-01 6.560000000000000553e-02
4.482404000000000388e-01 6.329999999999999516e-02
4.493620999999999865e-01 5.709999999999999798e-02
4.504866000000000148e-01 5.070000000000000201e-02
4.516140000000000154e-01 5.029999999999999749e-02
4.527440999999999827e-01 4.889999999999999902e-02
4.538770999999999778e-01 4.800000000000000100e-02
4.550128999999999979e-01 5.220000000000000334e-02
4.561515999999999349e-01 6.130000000000000032e-02
4.572930999999999524e-01 6.110000000000000153e-02
4.584374999999999978e-01 4.630000000000000088e-02
4.595846999999999571e-01 3.690000000000000224e-02
4.607349000000000028e-01 3.230000000000000232e-02
4.618879000000000179e-01 2.520000000000000018e-02
4.630437000000000025e-01 1.580000000000000154e-02
4.642024999999999624e-01 8.500000000000000611e-03
4.653642000000000056e-01 4.000000000000000083e-03
4.665287000000000184e-01 2.000000000000000042e-03
4.676962000000000619e-01 1.399999999999999986e-03
4.688666000000000222e-01 1.699999999999999905e-03
4.700399999999999578e-01 2.799999999999999972e-03
4.712162000000000295e-01 5.300000000000000024e-03
4.723954999999999682e-01 1.379999999999999977e-02
4.735775999999999875e-01 4.059999999999999720e-02
4.747627999999999848e-01 8.219999999999999529e-02
4.759509000000000101e-01 1.156999999999999973e-01
4.771419000000000077e-01 1.292999999999999983e-01
4.783359999999999834e-01 1.315999999999999948e-01
4.795329999999999870e-01 1.370000000000000107e-01
4.807329999999999659e-01 1.451999999999999957e-01
4.819360999999999784e-01 1.476999999999999980e-01
4.831421000000000188e-01 1.328999999999999904e-01
4.843511999999999817e-01 1.055999999999999994e-01
4.855632999999999755e-01 9.959999999999999409e-02
4.867783999999999445e-01 1.189000000000000057e-01
4.879966000000000581e-01 1.438000000000000111e-01
4.892177999999999805e-01 1.615999999999999936e-01
4.904419999999999891e-01 1.502000000000000002e-01
4.916694000000000342e-01 1.130000000000000032e-01
4.928997999999999435e-01 8.690000000000000502e-02
4.941332999999999420e-01 8.129999999999999727e-02
4.953698000000000268e-01 8.870000000000000107e-02
4.966095000000000370e-01 8.500000000000000611e-02
4.978523000000000254e-01 6.090000000000000274e-02
4.990980999999999890e-01 4.070000000000000007e-02
5.003470999999999336e-01 3.679999999999999938e-02
5.015993000000000812e-01 3.389999999999999958e-02
5.028544999999999821e-01 2.580000000000000002e-02
5.041128999999999749e-01 2.149999999999999828e-02
5.053744000000000014e-01 2.299999999999999961e-02
5.066391000000000089e-01 3.090000000000000038e-02
5.079069999999999974e-01 3.409999999999999837e-02
5.091780000000000195e-01 2.709999999999999909e-02
5.104522999999999699e-01 2.029999999999999860e-02
5.117296999999999541e-01 1.870000000000000134e-02
5.130103000000000302e-01 2.239999999999999977e-02
5.142940999999999763e-01 2.380000000000000171e-02
5.155811000000000144e-01 3.320000000000000034e-02
5.168712999999999225e-01 7.290000000000000646e-02
5.181647999999999810e-01 1.239999999999999991e-01
5.194615000000000204e-01 1.461000000000000076e-01
5.207614999999999883e-01 1.502999999999999892e-01
5.220647000000000482e-01 1.597000000000000086e-01
5.233712000000000364e-01 1.421999999999999931e-01
5.246809000000000056e-01 1.125000000000000028e-01
5.259939000000000142e-01 9.439999999999999780e-02
5.273101999999999512e-01 8.480000000000000038e-02
5.286297999999999275e-01 9.760000000000000620e-02
5.299527000000000543e-01 1.194999999999999951e-01
5.312788999999999984e-01 1.277000000000000079e-01
5.326083999999999818e-01 1.200999999999999984e-01
5.339412999999999521e-01 1.205999999999999989e-01
5.352774999999999617e-01 1.156999999999999973e-01
5.366170000000000107e-01 9.929999999999999938e-02
5.379599000000000464e-01 8.340000000000000191e-02
5.393061000000000105e-01 6.950000000000000622e-02
5.406556999999999613e-01 6.360000000000000375e-02
5.420087000000000099e-01 5.870000000000000218e-02
5.433650999999999343e-01 5.410000000000000225e-02
5.447248999999999564e-01 5.550000000000000072e-02
5.460881000000000762e-01 5.890000000000000097e-02
5.474546999999999608e-01 6.130000000000000032e-02
5.488247000000000542e-01 6.199999999999999956e-02
5.501981000000000233e-01 5.349999999999999895e-02
5.515750000000000375e-01 4.750000000000000056e-02
5.529553000000000385e-01 4.859999999999999737e-02
5.543390999999999735e-01 5.129999999999999838e-02
5.557263000000000064e-01 4.540000000000000285e-02
5.571169999999999733e-01 4.909999999999999781e-02
5.585111999999999854e-01 7.499999999999999722e-02
5.599089000000000427e-01 8.669999999999999929e-02
5.613100000000000867e-01 6.940000000000000335e-02
5.627147000000000121e-01 5.870000000000000218e-02
5.641228999999999827e-01 8.200000000000000344e-02
5.655345999999999984e-01 1.275999999999999912e-01
5.669499000000000066e-01 1.607999999999999985e-01
5.683686999999999490e-01 1.673000000000000043e-01
5.697909999999999364e-01 1.723000000000000087e-01
5.712169000000000274e-01 1.753000000000000114e-01
5.726463999999999999e-01 1.474000000000000032e-01
5.740794000000000175e-01 1.111000000000000043e-01
5.755160999999999749e-01 1.014000000000000040e-01
5.769562999999999775e-01 9.370000000000000551e-02
5.784000999999999726e-01 8.100000000000000255e-02
5.798476000000000186e-01 8.129999999999999727e-02
5.812985999999999986e-01 9.690000000000000002e-02
5.827533000000000296e-01 1.140999999999999931e-01
5.842117000000000004e-01 1.063999999999999946e-01
5.856736999999999638e-01 8.530000000000000082e-02
5.871393000000000306e-01 6.619999999999999496e-02
5.886086000000000373e-01 4.880000000000000310e-02
5.900815999999999839e-01 4.200000000000000261e-02
5.915582999999999814e-01 5.050000000000000322e-02
5.930386999999999187e-01 6.389999999999999847e-02
5.945228000000000179e-01 7.199999999999999456e-02
5.960105999999999460e-01 7.199999999999999456e-02
5.975020999999999249e-01 6.569999999999999452e-02
5.989972999999999548e-01 6.060000000000000109e-02
6.004962999999999829e-01 5.870000000000000218e-02
6.019991000000000092e-01 6.650000000000000355e-02
6.035055999999999754e-01 7.900000000000000078e-02
6.050157999999999925e-01 9.229999999999999316e-02
6.065298999999999552e-01 1.207000000000000017e-01
6.080476999999999688e-01 1.406000000000000028e-01
6.095694000000000390e-01 1.287999999999999978e-01
6.110948000000000491e-01 1.232000000000000040e-01
6.126241000000000048e-01 1.401000000000000023e-01
6.141571999999999587e-01 1.423000000000000098e-01
6.156941000000000219e-01 1.227000000000000035e-01
6.172349000000000308e-01 1.045999999999999985e-01
6.187795000000000378e-01 1.125000000000000028e-01
6.203279999999999905e-01 1.373000000000000054e-01
6.218803999999999998e-01 1.461999999999999966e-01
6.234366000000000074e-01 1.406000000000000028e-01
6.249968000000000190e-01 1.184000000000000052e-01
6.265608000000000288e-01 1.034999999999999948e-01
6.281287999999999316e-01 1.068000000000000060e-01
6.297007000000000021e-01 1.176999999999999991e-01
6.312765000000000182e-01 1.366999999999999882e-01
6.328563000000000383e-01 1.509000000000000064e-01
6.344400000000000039e-01 1.318999999999999895e-01
6.360276999999999736e-01 1.166999999999999982e-01
6.376194000000000583e-01 1.212000000000000022e-01
6.392149999999999777e-01 1.212000000000000022e-01
6.408146999999999593e-01 1.147999999999999993e-01
6.424182999999999977e-01 1.034999999999999948e-01
6.440259000000000400e-01 9.270000000000000462e-02
6.456376000000000337e-01 9.289999999999999647e-02
6.472533000000000314e-01 1.000999999999999945e-01
6.488730999999999804e-01 9.800000000000000377e-02
6.504969000000000445e-01 9.120000000000000329e-02
6.521247999999999490e-01 9.130000000000000615e-02
6.537566999999999684e-01 1.008000000000000007e-01
6.553926999999999392e-01 1.088999999999999968e-01
6.570328999999999198e-01 1.092000000000000054e-01
6.586771000000000154e-01 1.257999999999999952e-01
6.603253999999999513e-01 1.461000000000000076e-01
6.619779000000000080e-01 1.423000000000000098e-01
6.636345000000000161e-01 1.355000000000000093e-01
6.652951999999999755e-01 1.328999999999999904e-01
6.669600999999999447e-01 1.328000000000000014e-01
6.686292000000000346e-01 1.403000000000000080e-01
6.703024000000000759e-01 1.439000000000000001e-01
6.719798999999999634e-01 1.403999999999999970e-01
6.736615000000000242e-01 1.421000000000000041e-01
6.753472999999999837e-01 1.562000000000000055e-01
6.770374000000000114e-01 1.688000000000000056e-01
6.787317000000000489e-01 1.567999999999999949e-01
6.804301999999999850e-01 1.315000000000000058e-01
6.821329999999999893e-01 1.257999999999999952e-01
6.838400000000000034e-01 1.529000000000000081e-01
6.855512999999999746e-01 1.928999999999999881e-01
6.872669000000000139e-01 2.210999999999999910e-01
6.889868000000000103e-01 2.273000000000000020e-01
6.907109999999999639e-01 2.033999999999999975e-01
6.924395000000000966e-01 1.663000000000000034e-01
6.941722999999999644e-01 1.398999999999999966e-01
6.959095000000000697e-01 1.237999999999999934e-01
6.976510000000000211e-01 1.267999999999999960e-01
6.993968999999999880e-01 1.164000000000000035e-01
7.011470999999999121e-01 1.071000000000000008e-01
7.029018000000000210e-01 1.355999999999999983e-01
7.046607999999999761e-01 1.598999999999999866e-01
7.064242000000000576e-01 1.464000000000000024e-01
7.081920000000000437e-01 1.223999999999999949e-01
7.099642999999999926e-01 1.006999999999999978e-01
7.117409999999999570e-01 8.240000000000000102e-02
7.135220999999999369e-01 7.910000000000000364e-02
7.153076999999999908e-01 8.849999999999999534e-02
7.170976999999999490e-01 1.077000000000000041e-01
7.188922999999999286e-01 1.260000000000000009e-01
7.206912999999999236e-01 1.393999999999999961e-01
7.224947999999999926e-01 1.517000000000000015e-01
7.243029000000000828e-01 1.423999999999999988e-01
7.261155000000000248e-01 1.195999999999999980e-01
7.279326000000000407e-01 1.083999999999999964e-01
7.297542000000000195e-01 1.096000000000000030e-01
7.315804000000000196e-01 1.158000000000000002e-01
7.334112000000000409e-01 1.269000000000000128e-01
7.352466000000000834e-01 1.431000000000000050e-01
7.370864999999999778e-01 1.673999999999999932e-01
7.389310999999999519e-01 1.943999999999999895e-01
7.407802999999999471e-01 1.995999999999999996e-01
7.426341000000000747e-01 1.686999999999999889e-01
7.444925000000000015e-01 1.406000000000000028e-01
7.463556000000000079e-01 1.406999999999999917e-01
7.482233000000000356e-01 1.572999999999999954e-01
7.500957999999999792e-01 1.771999999999999964e-01
7.519729000000000552e-01 1.917999999999999983e-01
7.538546999999999887e-01 2.152999999999999914e-01
7.557412000000000019e-01 2.485999999999999877e-01
7.576324999999999310e-01 2.686999999999999944e-01
7.595283999999999924e-01 2.595000000000000084e-01
7.614292000000000282e-01 2.456000000000000127e-01
7.633345999999999743e-01 2.508000000000000229e-01
7.652449000000000057e-01 2.595999999999999974e-01
7.671599000000000057e-01 2.615000000000000102e-01
7.690796999999999217e-01 2.432999999999999885e-01
7.710044000000000342e-01 2.247999999999999998e-01
7.729338000000000042e-01 2.296999999999999875e-01
7.748680999999999486e-01 2.666000000000000036e-01
7.768072000000000310e-01 3.197999999999999732e-01
7.787511000000000294e-01 3.387000000000000011e-01
7.806999999999999496e-01 3.271000000000000019e-01
7.826537000000000077e-01 3.306999999999999940e-01
7.846122999999999292e-01 3.160999999999999921e-01
7.865757999999999361e-01 2.635000000000000120e-01
7.885442000000000284e-01 1.932000000000000106e-01
7.905174999999999841e-01 1.270999999999999908e-01
7.924957999999999725e-01 9.329999999999999405e-02
7.944790000000000463e-01 8.669999999999999929e-02
7.964671999999999308e-01 1.015999999999999959e-01
7.984603000000000117e-01 1.340999999999999970e-01
8.004584999999999617e-01 1.618999999999999884e-01
8.024615999999999971e-01 1.729999999999999871e-01
8.044698000000000127e-01 1.607999999999999985e-01
8.064829999999999499e-01 1.325999999999999956e-01
8.085011999999999199e-01 1.126999999999999946e-01
8.105244999999999811e-01 1.020999999999999963e-01
8.125528000000000750e-01 9.660000000000000531e-02
8.145862000000000380e-01 9.429999999999999494e-02
8.166246999999999812e-01 1.019999999999999934e-01
8.186683000000000154e-01 1.233000000000000068e-01
8.207170999999999772e-01 1.519000000000000072e-01
8.227709000000000827e-01 1.852999999999999925e-01
8.248299000000001158e-01 2.144000000000000072e-01
8.268940000000000179e-01 2.147999999999999909e-01
8.289632999999999585e-01 1.832000000000000017e-01
8.310378000000000487e-01 1.492999999999999883e-01
8.331174999999999553e-01 1.446000000000000063e-01
8.352023999999999004e-01 1.711999999999999911e-01
8.372924999999998841e-01 1.943000000000000005e-01
8.393878000000000172e-01 2.104000000000000037e-01
8.414882999999999669e-01 2.391000000000000070e-01
8.435941999999999608e-01 2.730000000000000204e-01
8.457052999999999932e-01 2.859999999999999765e-01
8.478216000000000641e-01 2.599000000000000199e-01
8.499433000000000682e-01 1.988000000000000045e-01
8.520702999999999472e-01 1.618999999999999884e-01
8.542026000000000341e-01 1.802999999999999881e-01
8.563403000000000542e-01 2.190000000000000002e-01
8.584832000000000019e-01 2.535000000000000031e-01
8.606316000000000521e-01 2.909999999999999809e-01
8.627852999999998662e-01 3.442999999999999949e-01
8.649445000000000050e-01 3.643000000000000127e-01
8.671090000000000186e-01 3.221999999999999864e-01
8.692789000000000765e-01 2.881000000000000227e-01
8.714543000000000150e-01 2.838999999999999857e-01
8.736351000000001088e-01 2.964999999999999858e-01
8.758213999999999722e-01 2.977000000000000202e-01
8.780130999999999908e-01 2.650000000000000133e-01
8.802103999999999484e-01 2.359999999999999876e-01
8.824130999999999503e-01 2.321999999999999897e-01
8.846212999999999438e-01 2.581999999999999851e-01
8.868351000000000983e-01 3.010999999999999788e-01
8.890544000000000224e-01 3.356999999999999984e-01
8.912792999999999966e-01 3.484999999999999765e-01
8.935096999999999623e-01 3.398999999999999799e-01
8.957456999999999780e-01 3.387000000000000011e-01
8.979872999999999328e-01 3.547000000000000153e-01
9.002344999999999375e-01 3.542000000000000148e-01
9.024872999999999923e-01 3.562000000000000166e-01
9.047458000000000444e-01 3.901999999999999913e-01
9.070099000000000355e-01 4.035000000000000253e-01
9.092797000000000240e-01 3.706999999999999740e-01
9.115552000000000099e-01 3.250000000000000111e-01
9.138363999999999931e-01 2.716999999999999971e-01
9.161232999999999738e-01 2.089000000000000024e-01
9.184158999999999518e-01 1.506000000000000116e-01
9.207141999999999271e-01 1.229999999999999982e-01
9.230183000000000693e-01 1.363000000000000045e-01
9.253281000000000978e-01 1.711000000000000021e-01
9.276438000000000184e-01 1.864999999999999991e-01
9.299652000000000474e-01 1.872000000000000053e-01
9.322924000000001321e-01 1.980000000000000093e-01
9.346254999999998869e-01 1.890999999999999903e-01
9.369644000000000306e-01 1.622000000000000108e-01
9.393092000000000663e-01 1.443000000000000116e-01
9.416598000000000468e-01 1.338999999999999913e-01
9.440163000000000304e-01 1.213999999999999940e-01
9.463787000000000171e-01 1.204999999999999960e-01
9.487469999999998960e-01 1.446000000000000063e-01
9.511212000000000000e-01 1.761000000000000065e-01
9.535013999999999434e-01 1.945999999999999952e-01
9.558876000000000595e-01 2.114999999999999936e-01
9.582797000000000676e-01 2.275999999999999968e-01
9.606778000000000262e-01 2.333000000000000074e-01
9.630818999999999352e-01 2.383000000000000118e-01
9.654920000000000169e-01 2.308000000000000052e-01
9.679081000000000490e-01 2.051000000000000045e-01
9.703302999999999789e-01 1.983000000000000040e-01
9.727585999999999178e-01 2.265999999999999959e-01
9.751929000000000292e-01 2.505999999999999894e-01
9.776333000000000384e-01 2.685000000000000164e-01
9.800799000000001149e-01 2.894999999999999796e-01
9.825325000000000308e-01 3.034000000000000030e-01
9.849913000000000141e-01 3.332999999999999852e-01
9.874562000000000062e-01 3.623999999999999999e-01
9.899272999999999545e-01 3.865999999999999992e-01
9.924046000000000811e-01 4.017999999999999905e-01
9.948880999999999419e-01 4.021000000000000130e-01
9.973777999999999810e-01 4.037000000000000033e-01
9.998737999999999237e-01 4.209999999999999853e-01
1.002375999999999934e+00 4.394000000000000128e-01
1.004884399999999900e+00 4.324999999999999956e-01
1.007399099999999992e+00 4.056000000000000161e-01
1.009920199999999824e+00 3.877999999999999781e-01
1.012447499999999945e+00 3.887999999999999790e-01
1.014981099999999969e+00 3.629000000000000004e-01
1.017521099999999956e+00 3.114000000000000101e-01
1.020067499999999905e+00 2.790000000000000258e-01
1.022620199999999979e+00 2.881000000000000227e-01
1.025179300000000016e+00 3.192999999999999727e-01
1.027744800000000014e+00 3.486000000000000210e-01
1.030316699999999974e+00 3.437000000000000055e-01
1.032895099999999955e+00 3.114000000000000101e-01
1.035479900000000120e+00 3.215999999999999970e-01
1.038071199999999861e+00 3.558000000000000052e-01
1.040669000000000066e+00 3.476000000000000201e-01
1.043273300000000070e+00 3.106999999999999762e-01
1.045884100000000094e+00 2.977000000000000202e-01
1.048501399999999917e+00 2.842000000000000082e-01
1.051125300000000040e+00 2.725000000000000200e-01
1.053755699999999962e+00 2.887000000000000122e-01
1.056392699999999962e+00 3.306999999999999940e-01
1.059036399999999878e+00 3.768000000000000238e-01
1.061686600000000036e+00 4.011000000000000121e-01
1.064343499999999887e+00 4.097999999999999976e-01
1.067007000000000039e+00 4.222000000000000197e-01
1.069677200000000106e+00 4.283000000000000140e-01
1.072354099999999866e+00 4.133000000000000007e-01
1.075037599999999927e+00 4.046000000000000152e-01
1.077727899999999961e+00 4.344000000000000083e-01
1.080424899999999910e+00 4.603999999999999759e-01
1.083128700000000055e+00 4.255999999999999783e-01
1.085839199999999893e+00 3.548999999999999932e-01
1.088556500000000149e+00 3.076999999999999735e-01
1.091280600000000156e+00 2.878000000000000003e-01
1.094011599999999973e+00 2.467000000000000026e-01
1.096749300000000149e+00 2.041999999999999926e-01
1.099493999999999971e+00 1.690000000000000113e-01
1.102245399999999931e+00 1.519000000000000072e-01
1.105003799999999980e+00 1.569000000000000117e-01
1.107769100000000062e+00 1.822000000000000008e-01
1.110541299999999953e+00 2.099999999999999922e-01
1.113320399999999877e+00 2.250000000000000056e-01
1.116106500000000112e+00 2.492000000000000048e-01
1.118899599999999994e+00 2.655000000000000138e-01
1.121699599999999908e+00 2.650000000000000133e-01
1.124506699999999970e+00 2.680000000000000160e-01
1.127320700000000064e+00 2.772000000000000020e-01
1.130141899999999922e+00 2.903999999999999915e-01
1.132970000000000033e+00 3.055999999999999828e-01
1.135805299999999907e+00 3.219000000000000195e-01
1.138647600000000093e+00 3.295000000000000151e-01
1.141497100000000042e+00 3.323999999999999733e-01
1.144353699999999918e+00 3.563000000000000056e-01
1.147217500000000001e+00 3.638000000000000123e-01
1.150088400000000011e+00 3.417000000000000037e-01
1.152966500000000005e+00 3.291999999999999926e-01
1.155851799999999985e+00 3.565999999999999726e-01
1.158744299999999949e+00 3.685999999999999832e-01
1.161644100000000179e+00 3.518999999999999906e-01
1.164551099999999950e+00 3.438999999999999835e-01
1.167465399999999986e+00 3.428999999999999826e-01
1.170386900000000008e+00 3.511000000000000232e-01
1.173315799999999909e+00 3.433999999999999830e-01
1.176252100000000134e+00 3.231999999999999873e-01
1.179195600000000121e+00 3.062000000000000277e-01
1.182146600000000047e+00 3.119999999999999996e-01
1.185104900000000017e+00 3.328999999999999737e-01
1.188070600000000088e+00 3.457999999999999963e-01
1.191043800000000097e+00 3.413999999999999813e-01
1.194024399999999986e+00 3.183000000000000274e-01
1.197012399999999976e+00 3.064999999999999947e-01
1.200007899999999905e+00 2.829999999999999738e-01
1.203011000000000053e+00 2.313000000000000056e-01
1.206021500000000080e+00 1.955000000000000071e-01
1.209039600000000103e+00 2.020000000000000129e-01
1.212065200000000065e+00 2.232000000000000095e-01
1.215098400000000023e+00 2.389000000000000012e-01
1.218139199999999978e+00 2.584000000000000186e-01
1.221187599999999929e+00 2.692999999999999838e-01
1.224243599999999876e+00 2.577999999999999736e-01
1.227307200000000043e+00 2.462000000000000022e-01
1.230378600000000100e+00 2.690000000000000169e-01
1.233457599999999932e+00 2.906000000000000250e-01
1.236544300000000041e+00 2.838999999999999857e-01
1.239638800000000041e+00 2.634000000000000230e-01
1.242741000000000096e+00 2.386000000000000065e-01
1.245851000000000042e+00 2.459999999999999964e-01
1.248968700000000043e+00 2.808999999999999830e-01
1.252094199999999935e+00 3.044000000000000039e-01
1.255227599999999999e+00 3.140999999999999903e-01
1.258368799999999954e+00 3.153000000000000247e-01
1.261517900000000081e+00 3.240000000000000102e-01
1.264674799999999877e+00 3.378999999999999782e-01
1.267839700000000125e+00 3.477999999999999980e-01
1.271012500000000101e+00 3.695999999999999841e-01
1.274193200000000026e+00 4.008999999999999786e-01
1.277381799999999901e+00 4.121000000000000218e-01
1.280578500000000064e+00 3.961999999999999966e-01
1.283783099999999955e+00 3.734000000000000097e-01
1.286995800000000134e+00 3.740999999999999881e-01
1.290216500000000099e+00 4.042999999999999927e-01
1.293445299999999909e+00 4.325999999999999845e-01
1.296682099999999949e+00 4.516000000000000014e-01
1.299927100000000113e+00 4.632000000000000006e-01
1.303180099999999841e+00 4.879000000000000004e-01
1.306441399999999975e+00 5.158000000000000362e-01
1.309710699999999894e+00 5.255999999999999561e-01
1.312988299999999997e+00 5.047000000000000375e-01
1.316273999999999944e+00 4.743999999999999884e-01
1.319568000000000074e+00 4.605000000000000204e-01
1.322870199999999885e+00 4.505000000000000115e-01
1.326180700000000101e+00 4.459000000000000186e-01
1.329499500000000056e+00 4.741000000000000214e-01
1.332826599999999972e+00 5.120999999999999996e-01
1.336162000000000072e+00 5.208000000000000407e-01
1.339505700000000132e+00 5.315999999999999615e-01
1.342857799999999990e+00 5.392000000000000126e-01
1.346218300000000090e+00 5.422000000000000153e-01
1.349587199999999987e+00 5.502000000000000224e-01
1.352964599999999962e+00 5.626999999999999780e-01
1.356350400000000178e+00 5.839999999999999636e-01
1.359744599999999970e+00 5.969999999999999751e-01
1.363147400000000120e+00 5.767999999999999794e-01
1.366558699999999904e+00 5.719999999999999529e-01
1.369978499999999988e+00 6.010999999999999677e-01
1.373406899999999986e+00 6.169000000000000039e-01
1.376843800000000062e+00 6.330000000000000071e-01
1.380289400000000111e+00 6.644999999999999796e-01
1.383743600000000074e+00 6.696999999999999620e-01
1.387206399999999951e+00 6.529000000000000359e-01
1.390677900000000022e+00 6.366000000000000547e-01
1.394158000000000008e+00 6.067000000000000171e-01
1.397646899999999803e+00 5.617999999999999661e-01
1.401144500000000015e+00 5.017000000000000348e-01
1.404650900000000036e+00 3.921000000000000041e-01
1.408166000000000029e+00 2.781000000000000139e-01
1.411689999999999889e+00 2.242000000000000104e-01
1.415222700000000167e+00 2.142000000000000015e-01
1.418764300000000089e+00 2.237999999999999989e-01
1.422314799999999879e+00 2.403000000000000136e-01
1.425874099999999922e+00 2.612999999999999767e-01
1.429442400000000113e+00 2.761000000000000121e-01
1.433019599999999949e+00 3.003000000000000114e-01
1.436605700000000096e+00 3.433999999999999830e-01
1.440200799999999948e+00 3.548999999999999932e-01
1.443804900000000169e+00 3.150000000000000022e-01
1.447418000000000093e+00 2.826000000000000179e-01
1.451040200000000002e+00 2.711999999999999966e-01
1.454671400000000059e+00 2.503000000000000225e-01
1.458311700000000100e+00 2.199000000000000121e-01
1.461961199999999961e+00 2.157000000000000028e-01
1.465619699999999970e+00 2.499000000000000110e-01
1.469287500000000080e+00 2.867000000000000104e-01
1.472964299999999893e+00 3.034999999999999920e-01
1.476650400000000030e+00 3.163000000000000256e-01
1.480345800000000045e+00 3.373999999999999777e-01
1.484050300000000044e+00 3.442000000000000060e-01
1.487764199999999981e+00 3.341999999999999971e-01
1.491487299999999960e+00 3.207999999999999741e-01
1.495219700000000040e+00 3.216999999999999860e-01
1.498961500000000058e+00 3.104000000000000092e-01
1.502712700000000012e+00 2.674000000000000266e-01
1.506473200000000068e+00 2.424000000000000044e-01
1.510243200000000119e+00 2.505999999999999894e-01
1.514022600000000107e+00 2.777000000000000024e-01
1.517811400000000033e+00 2.970999999999999752e-01
1.521609699999999954e+00 2.998000000000000109e-01
1.525417599999999929e+00 3.202999999999999736e-01
1.529234900000000064e+00 3.583999999999999964e-01
1.533061800000000030e+00 3.778000000000000247e-01
1.536898300000000051e+00 3.674999999999999933e-01
1.540744399999999903e+00 3.541000000000000258e-01
1.544600100000000031e+00 3.443999999999999839e-01
1.548465500000000050e+00 3.220000000000000084e-01
1.552340500000000123e+00 3.049999999999999933e-01
1.556225300000000145e+00 2.997000000000000219e-01
1.560119699999999998e+00 2.973999999999999977e-01
1.564023900000000022e+00 3.094999999999999973e-01
1.567937899999999996e+00 3.306000000000000050e-01
1.571861699999999917e+00 3.366000000000000103e-01
1.575795199999999952e+00 3.212999999999999745e-01
1.579738700000000051e+00 3.090999999999999859e-01
1.583692000000000100e+00 3.033000000000000140e-01
1.587655199999999933e+00 3.044000000000000039e-01
1.591628299999999996e+00 3.282999999999999807e-01
1.595611299999999844e+00 3.629999999999999893e-01
1.599604299999999979e+00 3.673000000000000154e-01
1.603607400000000016e+00 3.456000000000000183e-01
1.607620400000000060e+00 3.463999999999999857e-01
1.611643500000000007e+00 3.463999999999999857e-01
1.615676600000000018e+00 3.276000000000000023e-01
1.619719799999999932e+00 3.398999999999999799e-01
1.623773200000000028e+00 3.805000000000000049e-01
1.627836700000000025e+00 4.200999999999999734e-01
1.631910299999999925e+00 4.454000000000000181e-01
1.635994199999999843e+00 4.365999999999999881e-01
1.640088300000000165e+00 4.144999999999999796e-01
1.644192600000000004e+00 4.344999999999999973e-01
1.648307200000000083e+00 5.017000000000000348e-01
1.652432099999999959e+00 5.591000000000000414e-01
1.656567299999999854e+00 5.698999999999999622e-01
1.660712900000000047e+00 5.361000000000000210e-01
1.664868799999999815e+00 5.110999999999999988e-01
1.669035099999999883e+00 5.300000000000000266e-01
1.673211899999999863e+00 5.564000000000000057e-01
1.677399100000000143e+00 5.558999999999999497e-01
1.681596800000000114e+00 5.313999999999999835e-01
1.685804999999999998e+00 5.006000000000000449e-01
1.690023700000000018e+00 5.032999999999999696e-01
1.694252999999999787e+00 5.251000000000000112e-01
1.698492899999999972e+00 5.580000000000000515e-01
1.702743400000000129e+00 5.793000000000000371e-01
1.707004499999999814e+00 5.683000000000000274e-01
1.711276299999999972e+00 5.463999999999999968e-01
1.715558699999999881e+00 5.350000000000000311e-01
1.719851900000000100e+00 5.419000000000000483e-01
1.724155900000000186e+00 5.544000000000000039e-01
1.728470599999999857e+00 5.552000000000000268e-01
1.732796099999999839e+00 5.526999999999999691e-01
1.737132400000000132e+00 5.721000000000000529e-01
1.741479599999999905e+00 5.867999999999999883e-01
1.745837599999999989e+00 5.909999999999999698e-01
1.750206599999999835e+00 6.095000000000000417e-01
1.754586500000000271e+00 6.213999999999999524e-01
1.758977300000000188e+00 6.015000000000000346e-01
1.763379200000000147e+00 5.602000000000000313e-01
1.767791999999999808e+00 4.894999999999999907e-01
1.772215899999999955e+00 4.351999999999999758e-01
1.776650899999999922e+00 4.282000000000000250e-01
1.781097000000000152e+00 4.359000000000000097e-01
1.785554200000000202e+00 4.631000000000000116e-01
1.790022499999999850e+00 4.863999999999999990e-01
1.794502000000000042e+00 5.054999999999999494e-01
1.798992799999999948e+00 5.163999999999999702e-01
1.803494799999999953e+00 5.241000000000000103e-01
1.808008000000000282e+00 5.487999999999999545e-01
1.812532600000000160e+00 5.733000000000000318e-01
1.817068400000000139e+00 5.766999999999999904e-01
1.821615599999999890e+00 5.355999999999999650e-01
1.826174199999999859e+00 4.783000000000000029e-01
1.830744199999999822e+00 4.699999999999999734e-01
1.835325700000000060e+00 4.900999999999999801e-01
1.839918600000000071e+00 4.994999999999999996e-01
1.844522999999999913e+00 5.274999999999999689e-01
1.849138900000000030e+00 5.594000000000000083e-01
1.853766400000000036e+00 5.602000000000000313e-01
1.858405400000000096e+00 5.563000000000000167e-01
1.863056100000000104e+00 5.703000000000000291e-01
1.867718400000000001e+00 5.885000000000000231e-01
1.872392399999999846e+00 6.026000000000000245e-01
1.877077999999999802e+00 6.041999999999999593e-01
1.881775399999999987e+00 5.914000000000000368e-01
1.886484600000000178e+00 5.787999999999999812e-01
1.891205500000000095e+00 5.689999999999999503e-01
1.895938200000000240e+00 5.648999999999999577e-01
1.900682800000000228e+00 5.756999999999999895e-01
1.905439300000000058e+00 5.898999999999999799e-01
1.910207600000000117e+00 6.064000000000000501e-01
1.914987900000000076e+00 6.311999999999999833e-01
1.919780199999999937e+00 6.474999999999999645e-01
1.924584500000000142e+00 6.385999999999999455e-01
1.929400700000000191e+00 6.185000000000000497e-01
1.934229100000000034e+00 6.199000000000000066e-01
1.939069500000000001e+00 6.049999999999999822e-01
1.943922000000000150e+00 5.795000000000000151e-01
1.948786699999999872e+00 5.777999999999999803e-01
1.953663499999999775e+00 5.684000000000000163e-01
1.958552500000000141e+00 5.429000000000000492e-01
1.963453800000000138e+00 5.189000000000000279e-01
1.968367399999999989e+00 5.167000000000000481e-01
1.973293200000000081e+00 5.264999999999999680e-01
1.978231399999999862e+00 5.446999999999999620e-01
1.983181899999999942e+00 5.490000000000000435e-01
1.988144799999999934e+00 5.435999999999999721e-01
1.993120200000000120e+00 5.396999999999999575e-01
1.998107900000000159e+00 5.413000000000000034e-01
2.003108199999999783e+00 5.674000000000000155e-01
2.008121000000000045e+00 5.785000000000000142e-01
2.013146299999999833e+00 5.721000000000000529e-01
2.018184199999999873e+00 5.564000000000000057e-01
2.023234700000000164e+00 5.354999999999999760e-01
2.028297900000000098e+00 5.434999999999999831e-01
2.033373700000000284e+00 5.645000000000000018e-01
2.038462200000000113e+00 5.530000000000000471e-01
2.043563499999999866e+00 5.202999999999999847e-01
2.048677500000000151e+00 5.202999999999999847e-01
2.053804300000000360e+00 5.306999999999999496e-01
2.058943999999999885e+00 5.316999999999999504e-01
2.064096500000000223e+00 5.481000000000000316e-01
2.069261899999999876e+00 5.466999999999999638e-01
2.074440199999999734e+00 5.341000000000000192e-01
2.079631500000000077e+00 5.507999999999999563e-01
2.084835800000000017e+00 5.809999999999999609e-01
2.090053099999999997e+00 5.931999999999999496e-01
2.095283400000000018e+00 5.860999999999999543e-01
2.100526900000000197e+00 5.907000000000000028e-01
2.105783499999999808e+00 5.822000000000000508e-01
2.111053199999999741e+00 5.527999999999999581e-01
2.116336100000000275e+00 5.554999999999999938e-01
2.121632200000000079e+00 5.875000000000000222e-01
2.126941600000000321e+00 5.921999999999999487e-01
2.132264300000000112e+00 5.629999999999999449e-01
2.137600299999999898e+00 5.528999999999999471e-01
2.142949600000000121e+00 5.537999999999999590e-01
2.148312400000000011e+00 5.416999999999999593e-01
2.153688499999999895e+00 5.454999999999999849e-01
2.159078099999999889e+00 5.676999999999999824e-01
2.164481199999999994e+00 5.829999999999999627e-01
2.169897799999999766e+00 5.853000000000000425e-01
2.175327999999999928e+00 5.719999999999999529e-01
2.180771800000000038e+00 5.503000000000000114e-01
2.186229200000000095e+00 5.379000000000000448e-01
2.191700200000000098e+00 5.330000000000000293e-01
2.197184899999999885e+00 5.135999999999999455e-01
2.202683399999999736e+00 4.818999999999999950e-01
2.208195599999999814e+00 4.818999999999999950e-01
2.213721599999999956e+00 5.089000000000000190e-01
2.219261499999999998e+00 5.460000000000000409e-01
2.224815199999999660e+00 5.737999999999999767e-01
2.230382800000000110e+00 5.748999999999999666e-01
2.235964300000000016e+00 5.563000000000000167e-01
2.241559800000000102e+00 5.504000000000000004e-01
2.247169299999999925e+00 5.651000000000000467e-01
2.252792900000000209e+00 5.668999999999999595e-01
2.258430500000000229e+00 5.604999999999999982e-01
2.264082199999999823e+00 5.628999999999999559e-01
2.269748100000000157e+00 5.705999999999999961e-01
2.275428100000000065e+00 5.828999999999999737e-01
2.281122399999999661e+00 6.058000000000000052e-01
2.286830900000000000e+00 6.228000000000000203e-01
2.292553700000000028e+00 6.090999999999999748e-01
2.298290799999999745e+00 5.732000000000000428e-01
2.304042299999999877e+00 5.625000000000000000e-01
2.309808099999999698e+00 5.927000000000000046e-01
2.315588399999999769e+00 6.085000000000000409e-01
2.321383199999999647e+00 5.759999999999999565e-01
2.327192499999999775e+00 5.591000000000000414e-01
2.333016300000000154e+00 5.816999999999999948e-01
2.338854699999999731e+00 5.925000000000000266e-01
2.344707600000000003e+00 5.853000000000000425e-01
2.350575300000000034e+00 5.662000000000000366e-01
2.356457600000000152e+00 5.510000000000000453e-01
2.362354599999999749e+00 5.584999999999999964e-01
2.368266399999999994e+00 5.653000000000000247e-01
2.374192999999999998e+00 5.557999999999999607e-01
2.380134400000000205e+00 5.400000000000000355e-01
2.386090700000000009e+00 5.499000000000000554e-01
2.392061899999999852e+00 5.808999999999999719e-01
2.398048100000000016e+00 5.792000000000000481e-01
2.404049199999999775e+00 5.543000000000000149e-01
2.410065299999999855e+00 5.344999999999999751e-01
2.416096500000000091e+00 5.318000000000000504e-01
2.422142800000000040e+00 5.649999999999999467e-01
2.428204200000000146e+00 5.915000000000000258e-01
2.434280800000000244e+00 5.844000000000000306e-01
2.440372599999999892e+00 5.604999999999999982e-01
2.446479599999999976e+00 5.364999999999999769e-01
2.452601899999999890e+00 5.194999999999999618e-01
2.458739599999999914e+00 5.215999999999999526e-01
2.464892599999999767e+00 5.182999999999999829e-01
2.471061000000000174e+00 4.757000000000000117e-01
2.477244800000000247e+00 4.297000000000000264e-01
2.483444099999999821e+00 4.224999999999999867e-01
2.489658899999999786e+00 4.374000000000000110e-01
2.495889299999999977e+00 4.591999999999999971e-01
2.502135299999999951e+00 4.840999999999999748e-01
2.508396900000000151e+00 4.902000000000000246e-01
2.514674100000000134e+00 4.944999999999999951e-01
2.520967100000000016e+00 5.086000000000000520e-01
2.527275799999999961e+00 5.031999999999999806e-01
2.533600300000000249e+00 4.884999999999999898e-01
2.539940699999999829e+00 4.819999999999999840e-01
2.546296900000000196e+00 4.882000000000000228e-01
2.552668999999999855e+00 5.062999999999999723e-01
2.559057099999999974e+00 5.153999999999999693e-01
2.565461100000000272e+00 5.020000000000000018e-01
2.571881199999999978e+00 4.912000000000000255e-01
2.578317299999999701e+00 4.985999999999999877e-01
2.584769500000000164e+00 5.177000000000000490e-01
2.591237899999999872e+00 5.342000000000000082e-01
2.597722499999999712e+00 5.381000000000000227e-01
2.604223300000000130e+00 5.534999999999999920e-01
2.610740400000000072e+00 5.666999999999999815e-01
2.617273799999999984e+00 5.707999999999999741e-01
2.623823499999999864e+00 5.815000000000000169e-01
2.630389599999999994e+00 6.038999999999999924e-01
2.636972200000000210e+00 6.165000000000000480e-01
2.643571199999999788e+00 6.151999999999999691e-01
2.650186699999999895e+00 6.071999999999999620e-01
2.656818799999999925e+00 6.008999999999999897e-01
2.663467499999999877e+00 5.934000000000000385e-01
2.670132900000000031e+00 5.816999999999999948e-01
2.676814900000000108e+00 5.824000000000000288e-01
2.683513599999999943e+00 5.839999999999999636e-01
2.690229100000000262e+00 5.737999999999999767e-01
2.696961400000000175e+00 5.676999999999999824e-01
2.703710500000000128e+00 5.663000000000000256e-01
2.710476599999999792e+00 5.674000000000000155e-01
2.717259600000000219e+00 5.858999999999999764e-01
2.724059500000000078e+00 5.998999999999999888e-01
2.730876499999999929e+00 5.907999999999999918e-01
2.737710499999999936e+00 6.009999999999999787e-01
2.744561600000000379e+00 6.352999999999999758e-01
2.751429899999999762e+00 6.518000000000000460e-01
2.758315300000000025e+00 6.575999999999999623e-01
2.765217999999999954e+00 6.584999999999999742e-01
2.772137999999999991e+00 6.427000000000000490e-01
2.779075300000000137e+00 6.323999999999999622e-01
2.786029899999999948e+00 6.417000000000000481e-01
2.793001900000000148e+00 6.524999999999999689e-01
2.799991400000000130e+00 6.531000000000000139e-01
2.806998399999999894e+00 6.478000000000000425e-01
2.814022899999999883e+00 6.454999999999999627e-01
2.821064999999999934e+00 6.414999999999999591e-01
2.828124799999999883e+00 6.379000000000000226e-01
2.835202100000000058e+00 6.483999999999999764e-01
2.842297199999999968e+00 6.660000000000000364e-01
2.849410100000000057e+00 6.781000000000000361e-01
2.856540700000000044e+00 6.881000000000000449e-01
2.863689200000000046e+00 6.838999999999999524e-01
2.870855600000000063e+00 6.875999999999999890e-01
2.878039900000000095e+00 7.000999999999999446e-01
2.885242199999999979e+00 6.932000000000000384e-01
2.892462599999999995e+00 6.747999999999999554e-01
2.899700999999999862e+00 6.624999999999999778e-01
2.906957499999999861e+00 6.532999999999999918e-01
2.914232099999999992e+00 6.458000000000000407e-01
2.921524999999999928e+00 6.251999999999999780e-01
2.928836100000000275e+00 5.948999999999999844e-01
2.936165499999999984e+00 5.634000000000000119e-01
2.943513300000000221e+00 5.391000000000000236e-01
2.950879400000000263e+00 5.210000000000000187e-01
2.958263999999999783e+00 4.890999999999999792e-01
2.965667099999999667e+00 4.344999999999999973e-01
2.973088699999999918e+00 3.800000000000000044e-01
2.980528800000000089e+00 3.436000000000000165e-01
2.987987599999999855e+00 3.166999999999999815e-01
2.995465000000000266e+00 2.955999999999999739e-01
3.002961200000000108e+00 2.772000000000000020e-01
3.010476099999999988e+00 2.605000000000000093e-01
3.018009800000000187e+00 2.501999999999999780e-01
3.025562400000000096e+00 2.457000000000000017e-01
3.033133900000000160e+00 2.446000000000000119e-01
3.040724299999999936e+00 2.462999999999999912e-01
3.048333700000000146e+00 2.504000000000000115e-01
3.055962199999999740e+00 2.548000000000000265e-01
3.063609700000000213e+00 2.581999999999999851e-01
3.071276399999999906e+00 2.559000000000000163e-01
3.078962300000000152e+00 2.560000000000000053e-01
3.086667400000000061e+00 2.565999999999999948e-01
3.094391800000000359e+00 2.548000000000000265e-01
3.102135500000000157e+00 2.580000000000000071e-01
3.109898600000000179e+00 2.574000000000000177e-01
3.117681099999999983e+00 2.469999999999999973e-01
3.125483099999999848e+00 2.353000000000000091e-01
3.133304599999999773e+00 2.323999999999999955e-01
3.141145700000000041e+00 2.358999999999999986e-01
3.149006500000000042e+00 2.424999999999999933e-01
3.156886899999999940e+00 2.505000000000000004e-01
3.164787000000000017e+00 2.545000000000000040e-01
3.172706900000000108e+00 2.565000000000000058e-01
3.180646600000000213e+00 2.620000000000000107e-01
3.188606100000000332e+00 2.730000000000000204e-01
3.196585600000000138e+00 2.846000000000000196e-01
3.204585100000000075e+00 2.950999999999999734e-01
3.212604599999999699e+00 3.042000000000000259e-01
3.220644099999999899e+00 3.128000000000000225e-01
3.228703799999999902e+00 3.261999999999999900e-01
3.236783599999999872e+00 3.432999999999999940e-01
3.244883699999999926e+00 3.597000000000000197e-01
3.253004000000000229e+00 3.775000000000000022e-01
3.261144600000000171e+00 3.938999999999999724e-01
3.269305600000000034e+00 4.122999999999999998e-01
3.277487100000000098e+00 4.358000000000000207e-01
3.285689000000000082e+00 4.563999999999999724e-01
3.293911400000000267e+00 4.726000000000000201e-01
3.302154499999999882e+00 4.914000000000000035e-01
3.310418099999999697e+00 5.111999999999999877e-01
3.318702399999999830e+00 5.316999999999999504e-01
3.327007499999999673e+00 5.520000000000000462e-01
3.335333299999999834e+00 5.672000000000000375e-01
3.343680000000000430e+00 5.859999999999999654e-01
3.352047600000000127e+00 6.126000000000000334e-01
3.360436099999999815e+00 6.379000000000000226e-01
3.368845599999999774e+00 6.593999999999999861e-01
3.377276100000000003e+00 6.659000000000000474e-01
3.385727700000000340e+00 6.647999999999999465e-01
3.394200499999999732e+00 6.756999999999999673e-01
3.402694499999999955e+00 6.861000000000000432e-01
3.411209799999999959e+00 6.887999999999999678e-01
3.419746300000000350e+00 6.978999999999999648e-01
3.428304299999999749e+00 7.187000000000000055e-01
3.436883600000000261e+00 7.335000000000000409e-01
3.445484399999999781e+00 7.289999999999999813e-01
3.454106700000000085e+00 7.098999999999999755e-01
3.462750600000000123e+00 7.006000000000000005e-01
3.471416199999999730e+00 7.127000000000000002e-01
3.480103399999999958e+00 7.175000000000000266e-01
3.488812400000000480e+00 7.068999999999999728e-01
3.497543099999999683e+00 7.072000000000000508e-01
3.506295700000000348e+00 7.213000000000000522e-01
3.515070199999999812e+00 7.381999999999999673e-01
3.523866700000000129e+00 7.562999999999999723e-01
3.532685199999999970e+00 7.697000000000000508e-01
3.541525699999999777e+00 7.735999999999999543e-01
3.550388399999999667e+00 7.728000000000000425e-01
3.559273200000000248e+00 7.772999999999999909e-01
3.568180299999999860e+00 7.833999999999999853e-01
3.577109700000000281e+00 7.826999999999999513e-01
3.586061400000000177e+00 7.737000000000000544e-01
3.595035600000000109e+00 7.651999999999999913e-01
3.604032100000000405e+00 7.718000000000000416e-01
3.613051200000000129e+00 7.840000000000000302e-01
3.622092899999999727e+00 7.901000000000000245e-01
3.631157200000000085e+00 7.769000000000000350e-01
3.640244200000000152e+00 7.654999999999999583e-01
3.649353899999999484e+00 7.630000000000000115e-01
3.658486400000000138e+00 7.453999999999999515e-01
3.667641799999999730e+00 7.308999999999999941e-01
3.676819999999999755e+00 7.405000000000000471e-01
3.686021300000000167e+00 7.560000000000000053e-01
3.695245599999999797e+00 7.550999999999999934e-01
3.704492899999999533e+00 7.366000000000000325e-01
3.713763399999999937e+00 7.216000000000000192e-01
3.723057100000000563e+00 7.193000000000000504e-01
3.732374100000000361e+00 7.237000000000000099e-01
3.741714299999999493e+00 7.368999999999999995e-01
3.751077999999999690e+00 7.480999999999999872e-01
3.760465099999999783e+00 7.487000000000000322e-01
3.769875600000000215e+00 7.375000000000000444e-01
3.779309700000000216e+00 7.282999999999999474e-01
3.788767500000000510e+00 7.311999999999999611e-01
3.798248899999999928e+00 7.332999999999999519e-01
3.807754000000000083e+00 7.287000000000000144e-01
3.817282899999999923e+00 7.214000000000000412e-01
3.826835599999999893e+00 7.148999999999999799e-01
3.836412300000000108e+00 7.103000000000000425e-01
3.846012900000000290e+00 7.056999999999999940e-01
3.855637599999999665e+00 7.020999999999999464e-01
3.865286299999999731e+00 6.889999999999999458e-01
3.874959199999999715e+00 6.680000000000000382e-01
3.884656300000000062e+00 6.685999999999999721e-01
3.894377700000000164e+00 6.835999999999999854e-01
3.904123300000000185e+00 6.877999999999999670e-01
3.913893400000000078e+00 6.855999999999999872e-01
3.923687900000000006e+00 6.864999999999999991e-01
3.933507000000000087e+00 6.898999999999999577e-01
3.943350600000000039e+00 6.899999999999999467e-01
3.953218800000000144e+00 6.885999999999999899e-01
3.963111800000000073e+00 6.865999999999999881e-01
3.973029400000000155e+00 6.840000000000000524e-01
3.982972000000000179e+00 6.865999999999999881e-01
3.992939400000000028e+00 6.931000000000000494e-01
4.002931700000000426e+00 6.969999999999999529e-01
4.012948999999999877e+00 6.995999999999999996e-01
4.022991399999999551e+00 7.002000000000000446e-01
4.033058999999999727e+00 7.042000000000000481e-01
4.043151700000000126e+00 7.089999999999999636e-01
4.053269700000000419e+00 6.952000000000000401e-01
4.063412999999999720e+00 6.814000000000000057e-01
4.073581700000000083e+00 6.921000000000000485e-01
4.083775900000000014e+00 7.027999999999999803e-01
4.093995500000000121e+00 7.010999999999999455e-01
4.104240700000000075e+00 6.985999999999999988e-01
4.114511600000000158e+00 6.891000000000000458e-01
4.124808200000000369e+00 6.795999999999999819e-01
4.135130499999999820e+00 6.804000000000000048e-01
4.145478699999999961e+00 6.836999999999999744e-01
4.155852799999999903e+00 6.805999999999999828e-01
4.166252799999999645e+00 6.807999999999999607e-01
4.176678800000000358e+00 6.811000000000000387e-01
4.187130999999999936e+00 6.777999999999999581e-01
4.197609299999999877e+00 6.729000000000000536e-01
4.208113799999999571e+00 6.710000000000000409e-01
4.218644600000000189e+00 6.808999999999999497e-01
4.229201799999999345e+00 6.923000000000000265e-01
4.239785399999999704e+00 6.983000000000000318e-01
4.250395399999999491e+00 7.014000000000000234e-01
4.261032000000000153e+00 7.046000000000000041e-01
4.271695300000000195e+00 7.003000000000000336e-01
4.282385200000000225e+00 6.823000000000000176e-01
4.293101899999999915e+00 6.512000000000000011e-01
4.303845400000000154e+00 6.218000000000000194e-01
4.314615700000000054e+00 6.136000000000000343e-01
4.325413100000000455e+00 6.218000000000000194e-01
4.336237399999999909e+00 6.280000000000000027e-01
4.347088900000000145e+00 6.146000000000000352e-01
4.357967499999999994e+00 5.933000000000000496e-01
4.368873299999999738e+00 5.983000000000000540e-01
4.379806399999999655e+00 6.117000000000000215e-01
4.390766900000000028e+00 6.036000000000000254e-01
4.401754799999999967e+00 5.788999999999999702e-01
4.412770199999999754e+00 5.693000000000000282e-01
4.423813100000000276e+00 5.757999999999999785e-01
4.434883700000000317e+00 5.790999999999999481e-01
4.445981999999999879e+00 5.792000000000000481e-01
4.457108100000000128e+00 5.716999999999999860e-01
4.468262000000000178e+00 5.522000000000000242e-01
4.479443899999999701e+00 5.366999999999999549e-01
4.490653699999999304e+00 5.332999999999999963e-01
4.501891500000000157e+00 5.164999999999999591e-01
4.513157499999999267e+00 4.904000000000000026e-01
4.524451700000000187e+00 4.778000000000000025e-01
4.535774199999999645e+00 4.752000000000000113e-01
4.547124900000000025e+00 4.788999999999999924e-01
4.558504099999999504e+00 4.904000000000000026e-01
4.569911799999999857e+00 4.945999999999999841e-01
4.581348000000000198e+00 4.889000000000000012e-01
4.592812799999999918e+00 4.868000000000000105e-01
4.604306300000000185e+00 4.867000000000000215e-01
4.615828600000000392e+00 4.892000000000000237e-01
4.627379699999999652e+00 5.010000000000000009e-01
4.638959799999999412e+00 5.168000000000000371e-01
4.650568800000000280e+00 5.245999999999999552e-01
4.662206799999999873e+00 5.181999999999999940e-01
4.673873999999999640e+00 5.143999999999999684e-01
4.685570399999999580e+00 5.252000000000000002e-01
4.697295999999999694e+00 5.303999999999999826e-01
4.709051000000000542e+00 5.164999999999999591e-01
4.720835400000000348e+00 5.050999999999999934e-01
4.732649300000000281e+00 5.038000000000000256e-01
4.744492799999999733e+00 5.071999999999999842e-01
4.756365899999999591e+00 5.276999999999999469e-01
4.768268700000000138e+00 5.515999999999999792e-01
4.780201299999999875e+00 5.574999999999999956e-01
4.792163700000000581e+00 5.502000000000000224e-01
4.804156100000000151e+00 5.391000000000000236e-01
4.816178500000000362e+00 5.370000000000000329e-01
4.828230999999999717e+00 5.414999999999999813e-01
4.840313700000000274e+00 5.352000000000000091e-01
4.852426600000000256e+00 5.116000000000000547e-01
4.864569799999999944e+00 4.799999999999999822e-01
4.876743400000000506e+00 4.511000000000000010e-01
4.888947400000000165e+00 4.341999999999999749e-01
4.901182000000000372e+00 4.299000000000000044e-01
4.913447200000000237e+00 4.299000000000000044e-01
4.925743200000000321e+00 4.247000000000000219e-01
4.938069800000000065e+00 4.182000000000000162e-01
4.950427399999999700e+00 4.153999999999999915e-01
4.962815800000000444e+00 4.157000000000000139e-01
4.975235300000000471e+00 4.167000000000000148e-01
4.987685800000000391e+00 4.144999999999999796e-01
5.000167499999999876e+00 4.091000000000000192e-01
5.012680399999999814e+00 4.018999999999999795e-01
5.025224599999999597e+00 3.991000000000000103e-01
5.037800299999999787e+00 4.030000000000000249e-01
5.050407400000000102e+00 4.084999999999999742e-01
5.063045999999999935e+00 4.122999999999999998e-01
5.075716299999999848e+00 4.133000000000000007e-01
5.088418299999999839e+00 4.134999999999999787e-01
5.101152100000000189e+00 4.128000000000000003e-01
5.113917700000000011e+00 4.096000000000000196e-01
5.126715299999999864e+00 4.082000000000000073e-01
5.139544899999999750e+00 4.114999999999999769e-01
5.152406599999999948e+00 4.143000000000000016e-01
5.165300499999999850e+00 4.158999999999999919e-01
5.178226699999999738e+00 4.188999999999999946e-01
5.191185199999999611e+00 4.218999999999999972e-01
5.204176200000000030e+00 4.239999999999999880e-01
5.217199599999999826e+00 4.238999999999999990e-01
5.230255699999999841e+00 4.233000000000000096e-01
5.243344400000000682e+00 4.247000000000000219e-01
5.256465900000000246e+00 4.279000000000000026e-01
5.269620199999999421e+00 4.312000000000000277e-01
5.282807400000000264e+00 4.333000000000000185e-01
5.296027599999999502e+00 4.360999999999999877e-01
5.309280999999999473e+00 4.386999999999999789e-01
5.322567399999999616e+00 4.368000000000000216e-01
5.335887200000000163e+00 4.360999999999999877e-01
5.349240200000000556e+00 4.405000000000000027e-01
5.362626699999999857e+00 4.435999999999999943e-01
5.376046699999999845e+00 4.446999999999999842e-01
5.389500299999999910e+00 4.459000000000000186e-01
5.402987500000000054e+00 4.474000000000000199e-01
5.416508499999999948e+00 4.507999999999999785e-01
5.430063300000000481e+00 4.573999999999999733e-01
5.443651999999999269e+00 4.650000000000000244e-01
5.457274799999999537e+00 4.676000000000000156e-01
5.470931600000000117e+00 4.661000000000000143e-01
5.484622600000000681e+00 4.652999999999999914e-01
5.498347899999999733e+00 4.683999999999999830e-01
5.512107499999999938e+00 4.724999999999999756e-01
5.525901600000000080e+00 4.763000000000000012e-01
5.539730200000000160e+00 4.819999999999999840e-01
5.553593299999999289e+00 4.873999999999999999e-01
5.567491200000000084e+00 4.883000000000000118e-01
5.581423899999999882e+00 4.872000000000000219e-01
5.595391399999999571e+00 4.878000000000000114e-01
5.609393899999999711e+00 4.912000000000000255e-01
5.623431399999999414e+00 4.959999999999999964e-01
5.637503999999999849e+00 5.007000000000000339e-01
5.651611899999999800e+00 5.038000000000000256e-01
5.665754999999999875e+00 5.052999999999999714e-01
5.679933600000000027e+00 5.034999999999999476e-01
5.694147599999999976e+00 5.026000000000000467e-01
5.708397299999999674e+00 5.082999999999999741e-01
5.722682499999999450e+00 5.143999999999999684e-01
5.737003500000000145e+00 5.161999999999999922e-01
5.751360400000000261e+00 5.190000000000000169e-01
5.765753199999999801e+00 5.224999999999999645e-01
5.780181999999999931e+00 5.251000000000000112e-01
5.794646900000000045e+00 5.281000000000000139e-01
5.809148000000000422e+00 5.321000000000000174e-01
5.823685399999999568e+00 5.352999999999999980e-01
5.838259199999999538e+00 5.374999999999999778e-01
5.852869499999999725e+00 5.391000000000000236e-01
5.867516300000000129e+00 5.404999999999999805e-01
5.882199700000000142e+00 5.426999999999999602e-01
5.896919900000000325e+00 5.466999999999999638e-01
5.911677000000000071e+00 5.503000000000000114e-01
5.926471000000000267e+00 5.520000000000000462e-01
5.941301999999999417e+00 5.531000000000000361e-01
5.956170100000000467e+00 5.580000000000000515e-01
5.971075400000000144e+00 5.635999999999999899e-01
5.986017999999999617e+00 5.645000000000000018e-01
6.000998100000000335e+00 5.629999999999999449e-01
6.016015600000000241e+00 5.611000000000000432e-01
6.031070599999999615e+00 5.607999999999999652e-01
6.046163400000000188e+00 5.642000000000000348e-01
6.061293899999999901e+00 5.665000000000000036e-01
6.076462300000000205e+00 5.663000000000000256e-01
6.091668699999999603e+00 5.679999999999999494e-01
6.106913099999999872e+00 5.706999999999999851e-01
6.122195699999999796e+00 5.715000000000000080e-01
6.137516500000000264e+00 5.718999999999999639e-01
6.152875599999999778e+00 5.708999999999999631e-01
6.168273200000000678e+00 5.652000000000000357e-01
6.183709300000000297e+00 5.587999999999999634e-01
6.199183999999999806e+00 5.591000000000000414e-01
6.214697499999999764e+00 5.622000000000000330e-01
6.230249800000000171e+00 5.623000000000000220e-01
6.245841000000000420e+00 5.587999999999999634e-01
6.261471199999999904e+00 5.525999999999999801e-01
6.277140600000000070e+00 5.485999999999999766e-01
6.292849099999999751e+00 5.463000000000000078e-01
6.308596999999999788e+00 5.451000000000000290e-01
6.324384199999999900e+00 5.446999999999999620e-01
6.340211000000000041e+00 5.425999999999999712e-01
6.356077399999999322e+00 5.391000000000000236e-01
6.371983499999999800e+00 5.352000000000000091e-01
6.387929399999999980e+00 5.320000000000000284e-01
6.403915200000000141e+00 5.310000000000000275e-01
6.419941000000000564e+00 5.305999999999999606e-01
6.436006900000000641e+00 5.300000000000000266e-01
6.452112999999999765e+00 5.294999999999999707e-01
6.468259500000000273e+00 5.292000000000000037e-01
6.484446300000000107e+00 5.279000000000000359e-01
6.500673599999999830e+00 5.254999999999999671e-01
6.516941600000000001e+00 5.248000000000000442e-01
6.533250200000000341e+00 5.245999999999999552e-01
6.549599699999999913e+00 5.221000000000000085e-01
6.565990099999999607e+00 5.179000000000000270e-01
6.582421499999999703e+00 5.179000000000000270e-01
6.598894000000000482e+00 5.199000000000000288e-01
6.615407700000000446e+00 5.188000000000000389e-01
6.631962799999999270e+00 5.172999999999999821e-01
6.648559299999999617e+00 5.160000000000000142e-01
6.665197299999999991e+00 5.153999999999999693e-01
6.681877000000000066e+00 5.143999999999999684e-01
6.698598399999999842e+00 5.122999999999999776e-01
6.715361599999999598e+00 5.116000000000000547e-01
6.732166800000000784e+00 5.111999999999999877e-01
6.749014100000000127e+00 5.096000000000000529e-01
6.765903500000000292e+00 5.077000000000000401e-01
6.782835200000000064e+00 5.056000000000000494e-01
6.799809200000000331e+00 5.054999999999999494e-01
6.816825800000000157e+00 5.056000000000000494e-01
6.833884900000000151e+00 5.033999999999999586e-01
6.850986699999999985e+00 4.995999999999999885e-01
6.868131299999999051e+00 4.969999999999999973e-01
6.885318799999999406e+00 4.958000000000000185e-01
6.902549300000000443e+00 4.924999999999999933e-01
6.919822999999999169e+00 4.879999999999999893e-01
6.937139799999999745e+00 4.843000000000000083e-01
6.954500000000000348e+00 4.832000000000000184e-01
6.971903699999999482e+00 4.837000000000000188e-01
6.989350900000000699e+00 4.830999999999999739e-01
7.006841699999999840e+00 4.828000000000000069e-01
7.024376399999999521e+00 4.849999999999999867e-01
7.041954900000000350e+00 4.890999999999999792e-01
7.059577400000000225e+00 4.938000000000000167e-01
7.077244000000000312e+00 4.970999999999999863e-01
7.094954799999999118e+00 5.016000000000000458e-01
7.112709900000000474e+00 5.093999999999999639e-01
7.130509500000000500e+00 5.167000000000000481e-01
7.148353599999999197e+00 5.222999999999999865e-01
7.166242399999999790e+00 5.270000000000000240e-01
7.184175900000000503e+00 5.288000000000000478e-01
7.202154300000000120e+00 5.313999999999999835e-01
7.220177699999999810e+00 5.342000000000000082e-01
7.238246199999999853e+00 5.346999999999999531e-01
7.256359900000000529e+00 5.346999999999999531e-01
7.274519000000000624e+00 5.348000000000000531e-01
7.292723500000000136e+00 5.358000000000000540e-01
7.310973500000000236e+00 5.359000000000000430e-01
7.329269199999999707e+00 5.349000000000000421e-01
7.347610700000000605e+00 5.358000000000000540e-01
7.365998099999999660e+00 5.403999999999999915e-01
7.384431600000000984e+00 5.431000000000000272e-01
7.402911100000000744e+00 5.450000000000000400e-01
7.421436900000000669e+00 5.504999999999999893e-01
7.440009100000000153e+00 5.523000000000000131e-01
7.458627700000000083e+00 5.476999999999999647e-01
7.477292900000000131e+00 5.453999999999999959e-01
7.496004799999999690e+00 5.526999999999999691e-01
7.514763600000000210e+00 5.607999999999999652e-01
7.533569299999999913e+00 5.627999999999999670e-01
7.552422100000000249e+00 5.618999999999999551e-01
7.571322000000000330e+00 5.618999999999999551e-01
7.590269300000000108e+00 5.617999999999999661e-01
7.609263899999999303e+00 5.602000000000000313e-01
7.628306100000000534e+00 5.616999999999999771e-01
7.647396000000000527e+00 5.676999999999999824e-01
7.666533599999999282e+00 5.732000000000000428e-01
7.685719100000000914e+00 5.753000000000000336e-01
7.704952599999999485e+00 5.728999999999999648e-01
7.724234299999999109e+00 5.704000000000000181e-01
7.743564200000000675e+00 5.737999999999999767e-01
7.762942500000000301e+00 5.827999999999999847e-01
7.782369199999999765e+00 5.869999999999999662e-01
7.801844599999999907e+00 5.837999999999999856e-01
7.821368700000000729e+00 5.814000000000000279e-01
7.840941700000000125e+00 5.833000000000000407e-01
7.860563700000000154e+00 5.857999999999999874e-01
7.880234800000000206e+00 5.883000000000000451e-01
7.899955100000000563e+00 5.953000000000000513e-01
7.919724700000000617e+00 6.041999999999999593e-01
7.939543799999999152e+00 6.092999999999999527e-01
7.959412500000000001e+00 6.101999999999999647e-01
7.979331000000000174e+00 6.127000000000000224e-01
7.999299300000000557e+00 6.176000000000000378e-01
8.019317499999999654e+00 6.215000000000000524e-01
8.039385899999999197e+00 6.254999999999999449e-01
8.059504499999999183e+00 6.270999999999999908e-01
8.079673399999999006e+00 6.284999999999999476e-01
8.099892799999999227e+00 6.350000000000000089e-01
8.120162799999999237e+00 6.438000000000000389e-01
8.140483500000000205e+00 6.502000000000000002e-01
8.160854999999999748e+00 6.561000000000000165e-01
8.181277599999999595e+00 6.608000000000000540e-01
8.201751299999999745e+00 6.622000000000000108e-01
8.222276100000000199e+00 6.625999999999999668e-01
8.242852400000000301e+00 6.655999999999999694e-01
8.263480200000000053e+00 6.696999999999999620e-01
8.284159499999999454e+00 6.727999999999999536e-01
8.304890600000000234e+00 6.766999999999999682e-01
8.325673600000000008e+00 6.825999999999999845e-01
8.346508599999999944e+00 6.873000000000000220e-01
8.367395800000000605e+00 6.893000000000000238e-01
8.388335200000000214e+00 6.895000000000000018e-01
8.409327000000001107e+00 6.895999999999999908e-01
8.430371400000000293e+00 6.903000000000000247e-01
8.451468399999999548e+00 6.936999999999999833e-01
8.472618199999999433e+00 6.987999999999999767e-01
8.493821000000000510e+00 6.985999999999999988e-01
8.515076699999999832e+00 6.993000000000000327e-01
8.536385700000000298e+00 7.040999999999999481e-01
8.557748099999999525e+00 7.070999999999999508e-01
8.579163799999999895e+00 7.078999999999999737e-01
8.600633199999998979e+00 7.107999999999999874e-01
8.622156300000000329e+00 7.195000000000000284e-01
8.643733199999999783e+00 7.266000000000000236e-01
8.665364200000000849e+00 7.237000000000000099e-01
8.687049299999999974e+00 7.137999999999999901e-01
8.708788600000000102e+00 7.074000000000000288e-01
8.730582399999999410e+00 7.110999999999999543e-01
8.752430699999999675e+00 7.127999999999999892e-01
8.774333699999999681e+00 7.126000000000000112e-01
8.796291400000001204e+00 7.139999999999999680e-01
8.818304200000000037e+00 7.131999999999999451e-01
8.840372000000000341e+00 7.114000000000000323e-01
8.862494999999999123e+00 7.119999999999999662e-01
8.884673400000000498e+00 7.116999999999999993e-01
8.906907300000000305e+00 7.086999999999999966e-01
8.929196899999999104e+00 7.062000000000000499e-01
8.951542200000000449e+00 7.019999999999999574e-01
8.973943499999998963e+00 6.973000000000000309e-01
8.996400799999999975e+00 6.961000000000000520e-01
9.018914300000000495e+00 6.962000000000000410e-01
9.041484099999999913e+00 6.971000000000000529e-01
9.064110400000000567e+00 6.978999999999999648e-01
9.086793399999999465e+00 6.972000000000000419e-01
9.109533100000000161e+00 6.967999999999999750e-01
9.132329700000001438e+00 6.948999999999999622e-01
9.155183400000000304e+00 6.929999999999999494e-01
9.178094200000000313e+00 6.942000000000000393e-01
9.201062399999999641e+00 6.949999999999999512e-01
9.224088099999999457e+00 6.956999999999999851e-01
9.247171400000000929e+00 6.987999999999999767e-01
9.270312399999999897e+00 6.987999999999999767e-01
9.293511399999999867e+00 7.008999999999999675e-01
9.316768399999999062e+00 7.115000000000000213e-01
9.340083699999999212e+00 7.191999999999999504e-01
9.363457199999999148e+00 7.166000000000000147e-01
9.386889299999999992e+00 7.157999999999999918e-01
9.410379999999999967e+00 7.217000000000000082e-01
9.433929499999999635e+00 7.258000000000000007e-01
9.457537900000000164e+00 7.249999999999999778e-01
9.481205400000000338e+00 7.218999999999999861e-01
9.504932099999999551e+00 7.207000000000000073e-01
9.528718200000000138e+00 7.246000000000000218e-01
9.552563899999999109e+00 7.270999999999999686e-01
9.576469200000000015e+00 7.294000000000000483e-01
9.600434299999999865e+00 7.350999999999999757e-01
9.624459399999999221e+00 7.361999999999999655e-01
9.648544599999999249e+00 7.338999999999999968e-01
9.672690100000000513e+00 7.362999999999999545e-01
9.696896000000000626e+00 7.356000000000000316e-01
9.721162500000000151e+00 7.288999999999999924e-01
9.745489799999999647e+00 7.304000000000000492e-01
9.769877899999999116e+00 7.375000000000000444e-01
9.794327000000000893e+00 7.440999999999999837e-01
9.818837300000000212e+00 7.488000000000000211e-01
9.843408999999999409e+00 7.522999999999999687e-01
9.868042100000000261e+00 7.588000000000000300e-01
9.892736900000000944e+00 7.675999999999999490e-01
9.917493499999999074e+00 7.733999999999999764e-01
9.942311999999999372e+00 7.749000000000000332e-01
9.967192700000000016e+00 7.738000000000000433e-01
9.992135599999999229e+00 7.741999999999999993e-01
1.001714089999999935e+01 7.755999999999999561e-01
1.004220880000000093e+01 7.770000000000000240e-01
1.006733939999999983e+01 7.776999999999999469e-01
1.009253299999999953e+01 7.782999999999999918e-01
1.011778960000000005e+01 7.743999999999999773e-01
1.014310929999999900e+01 7.674999999999999600e-01
1.016849250000000104e+01 7.609000000000000208e-01
1.019393909999999970e+01 7.542999999999999705e-01
1.021944949999999963e+01 7.504999999999999449e-01
1.024502369999999907e+01 7.460999999999999854e-01
1.027066190000000034e+01 7.409999999999999920e-01
1.029636420000000108e+01 7.439000000000000057e-01
1.032213089999999944e+01 7.513999999999999568e-01
1.034796199999999899e+01 7.559000000000000163e-01
1.037385779999999968e+01 7.569000000000000172e-01
1.039981839999999913e+01 7.552999999999999714e-01
1.042584399999999967e+01 7.531999999999999806e-01
1.045193460000000130e+01 7.499000000000000110e-01
1.047809059999999981e+01 7.439999999999999947e-01
1.050431209999999993e+01 7.390999999999999792e-01
1.053059909999999988e+01 7.381999999999999673e-01
1.055695189999999961e+01 7.399000000000000021e-01
1.058337069999999969e+01 7.430999999999999828e-01
1.060985559999999950e+01 7.463999999999999524e-01
1.063640679999999961e+01 7.461999999999999744e-01
1.066302440000000118e+01 7.422999999999999599e-01
1.068970870000000062e+01 7.358999999999999986e-01
1.071645969999999970e+01 7.295000000000000373e-01
1.074327759999999898e+01 7.266000000000000236e-01
1.077016270000000020e+01 7.249999999999999778e-01
1.079711499999999980e+01 7.187999999999999945e-01
1.082413479999999950e+01 7.178999999999999826e-01
1.085122219999999871e+01 7.224000000000000421e-01
1.087837739999999975e+01 7.225000000000000311e-01
1.090560059999999964e+01 7.205000000000000293e-01
1.093289189999999955e+01 7.184000000000000385e-01
1.096025139999999887e+01 7.155000000000000249e-01
1.098767950000000049e+01 7.154000000000000359e-01
1.101517620000000086e+01 7.215000000000000302e-01
1.104274170000000055e+01 7.287000000000000144e-01
1.107037610000000072e+01 7.337000000000000188e-01
1.109807979999999894e+01 7.341999999999999638e-01
1.112585269999999937e+01 7.285000000000000364e-01
1.115369520000000136e+01 7.198999999999999844e-01
1.118160729999999958e+01 7.119999999999999662e-01
1.120958929999999931e+01 7.066000000000000059e-01
1.123764129999999994e+01 7.034000000000000252e-01
1.126576350000000026e+01 6.999999999999999556e-01
1.129395610000000083e+01 6.953000000000000291e-01
1.132221930000000043e+01 6.883000000000000229e-01
1.135055310000000084e+01 6.783000000000000140e-01
1.137895789999999963e+01 6.673999999999999932e-01
1.140743379999999974e+01 6.601000000000000201e-01
1.143598089999999878e+01 6.594999999999999751e-01
1.146459940000000088e+01 6.579000000000000403e-01
1.149328959999999888e+01 6.491000000000000103e-01
1.152205160000000106e+01 6.420000000000000151e-01
1.155088549999999969e+01 6.364999999999999547e-01
1.157979160000000007e+01 6.273999999999999577e-01
1.160877010000000098e+01 6.212999999999999634e-01
1.163782100000000064e+01 6.187000000000000277e-01
1.166694470000000017e+01 6.111999999999999655e-01
1.169614119999999957e+01 5.993000000000000549e-01
1.172541079999999880e+01 5.921999999999999487e-01
1.175475370000000019e+01 5.877000000000000002e-01
1.178416999999999959e+01 5.836000000000000076e-01
1.181365989999999933e+01 5.816999999999999948e-01
1.184322359999999996e+01 5.796000000000000041e-01
1.187286130000000028e+01 5.747999999999999776e-01
1.190257309999999968e+01 5.656999999999999806e-01
1.193235929999999989e+01 5.575999999999999845e-01
1.196222009999999969e+01 5.543000000000000149e-01
1.199215549999999908e+01 5.497999999999999554e-01
1.202216589999999918e+01 5.420000000000000373e-01
1.205225139999999939e+01 5.391000000000000236e-01
1.208241220000000027e+01 5.392000000000000126e-01
1.211264839999999943e+01 5.346999999999999531e-01
1.214296040000000154e+01 5.315999999999999615e-01
1.217334810000000012e+01 5.319000000000000394e-01
1.220381189999999982e+01 5.305999999999999606e-01
1.223435200000000123e+01 5.290000000000000258e-01
1.226496850000000016e+01 5.268000000000000460e-01
1.229566159999999897e+01 5.239000000000000323e-01
1.232643149999999999e+01 5.219000000000000306e-01
1.235727840000000022e+01 5.175999999999999490e-01
1.238820250000000023e+01 5.129000000000000226e-01
1.241920399999999880e+01 5.102999999999999758e-01
1.245028310000000005e+01 5.080999999999999961e-01
1.248143989999999981e+01 5.051999999999999824e-01
1.251267469999999982e+01 5.032999999999999696e-01
1.254398769999999885e+01 5.024999999999999467e-01
1.257537909999999926e+01 5.004999999999999449e-01
1.260684900000000042e+01 4.970999999999999863e-01
1.263839759999999934e+01 4.954000000000000070e-01
1.267002519999999954e+01 4.949000000000000066e-01
1.270173200000000158e+01 4.951999999999999735e-01
1.273351809999999951e+01 4.950999999999999845e-01
1.276538369999999922e+01 4.924000000000000044e-01
1.279732909999999890e+01 4.888000000000000123e-01
1.282935439999999971e+01 4.869999999999999885e-01
1.286145989999999983e+01 4.893000000000000127e-01
1.289364569999999866e+01 4.919999999999999929e-01
1.292591209999999968e+01 4.919000000000000039e-01
1.295825920000000053e+01 4.910999999999999810e-01
1.299068730000000116e+01 4.898000000000000131e-01
1.302319649999999918e+01 4.865999999999999770e-01
1.305578709999999987e+01 4.839999999999999858e-01
1.308845920000000085e+01 4.827000000000000179e-01
1.312121309999999852e+01 4.801000000000000267e-01
1.315404889999999938e+01 4.773000000000000020e-01
1.318696689999999982e+01 4.763999999999999901e-01
1.321996730000000042e+01 4.753000000000000003e-01
1.325305029999999995e+01 4.729999999999999760e-01
1.328621609999999897e+01 4.712000000000000077e-01
1.331946489999999983e+01 4.682000000000000051e-01
1.335279690000000130e+01 4.645000000000000240e-01
1.338621220000000100e+01 4.632999999999999896e-01
1.341971130000000123e+01 4.627000000000000002e-01
1.345329409999999903e+01 4.615000000000000213e-01
1.348696099999999909e+01 4.600000000000000200e-01
1.352071210000000079e+01 4.576000000000000068e-01
1.355454770000000053e+01 4.536999999999999922e-01
1.358846799999999888e+01 4.480999999999999983e-01
1.362247310000000056e+01 4.446999999999999842e-01
1.365656339999999958e+01 4.460000000000000075e-01
1.369073900000000066e+01 4.497999999999999776e-01
1.372500009999999904e+01 4.521000000000000019e-01
1.375934690000000060e+01 4.521000000000000019e-01
1.379377969999999998e+01 4.504000000000000226e-01
1.382829860000000011e+01 4.481999999999999873e-01
1.386290400000000034e+01 4.461999999999999855e-01
1.389759590000000067e+01 4.451999999999999846e-01
1.393237460000000105e+01 4.455999999999999961e-01
1.396724040000000144e+01 4.474000000000000199e-01
1.400219350000000063e+01 4.499000000000000221e-01
1.403723399999999977e+01 4.509000000000000230e-01
1.407236220000000060e+01 4.505000000000000115e-01
1.410757830000000013e+01 4.499000000000000221e-01
1.414288250000000069e+01 4.496999999999999886e-01
1.417827509999999869e+01 4.495999999999999996e-01
1.421375620000000062e+01 4.510000000000000120e-01
1.424932619999999872e+01 4.527999999999999803e-01
1.428498510000000010e+01 4.541000000000000036e-01
1.432073330000000055e+01 4.561999999999999944e-01
1.435657099999999886e+01 4.591000000000000081e-01
1.439249830000000152e+01 4.618999999999999773e-01
1.442851559999999900e+01 4.633999999999999786e-01
1.446462289999999840e+01 4.647000000000000020e-01
1.450082070000000023e+01 4.675000000000000266e-01
1.453710899999999917e+01 4.708999999999999853e-01
1.457348809999999872e+01 4.737999999999999989e-01
1.460995830000000062e+01 4.768000000000000016e-01
1.464651969999999892e+01 4.796000000000000263e-01
1.468317270000000185e+01 4.819999999999999840e-01
1.471991730000000054e+01 4.834999999999999853e-01
1.475675400000000081e+01 4.848000000000000087e-01
1.479368269999999974e+01 4.870999999999999774e-01
1.483070400000000078e+01 4.900999999999999801e-01
1.486781780000000097e+01 4.927000000000000268e-01
1.490502449999999968e+01 4.951999999999999735e-01
1.494232440000000040e+01 4.985999999999999877e-01
1.497971760000000074e+01 5.019000000000000128e-01
1.501720430000000128e+01 5.034999999999999476e-01
1.505478489999999958e+01 5.030999999999999917e-01
1.509245950000000036e+01 5.033999999999999586e-01
1.513022840000000180e+01 5.051999999999999824e-01
1.516809180000000090e+01 5.070000000000000062e-01
1.520604999999999940e+01 5.079000000000000181e-01
1.524410320000000141e+01 5.088000000000000300e-01
1.528225160000000038e+01 5.108000000000000318e-01
1.532049540000000043e+01 5.141000000000000014e-01
1.535883500000000090e+01 5.170000000000000151e-01
1.539727049999999942e+01 5.182999999999999829e-01
1.543580219999999947e+01 5.194999999999999618e-01
1.547443030000000164e+01 5.221999999999999975e-01
1.551315510000000053e+01 5.248000000000000442e-01
1.555197669999999910e+01 5.256999999999999451e-01
1.559089560000000141e+01 5.280000000000000249e-01
1.562991179999999858e+01 5.315999999999999615e-01
1.566902570000000061e+01 5.350000000000000311e-01
1.570823749999999919e+01 5.385999999999999677e-01
1.574754729999999903e+01 5.415999999999999703e-01
1.578695560000000064e+01 5.436999999999999611e-01
1.582646249999999988e+01 5.452000000000000179e-01
1.586606820000000084e+01 5.463999999999999968e-01
1.590577309999999933e+01 5.489000000000000545e-01
1.594557729999999829e+01 5.524000000000000021e-01
1.598548109999999944e+01 5.538999999999999480e-01
1.602548480000000097e+01 5.560000000000000497e-01
1.606558859999999811e+01 5.612000000000000322e-01
1.610579269999999852e+01 5.676999999999999824e-01
1.614609749999999977e+01 5.715999999999999970e-01
1.618650309999999948e+01 5.733000000000000318e-01
1.622700989999999877e+01 5.757999999999999785e-01
1.626761799999999880e+01 5.797999999999999821e-01
1.630832769999999954e+01 5.846000000000000085e-01
1.634913930000000093e+01 5.897000000000000020e-01
1.639005309999999938e+01 5.960999999999999632e-01
1.643106919999999960e+01 6.001999999999999558e-01
1.647218799999999916e+01 6.002999999999999448e-01
1.651340970000000041e+01 5.995000000000000329e-01
1.655473449999999858e+01 5.997000000000000108e-01
1.659616270000000071e+01 6.010999999999999677e-01
1.663769459999999967e+01 6.048000000000000043e-01
1.667933049999999895e+01 6.101999999999999647e-01
1.672107049999999973e+01 6.159999999999999920e-01
1.676291499999999957e+01 6.235000000000000542e-01
1.680486430000000198e+01 6.301999999999999824e-01
1.684691850000000102e+01 6.310000000000000053e-01
1.688907790000000020e+01 6.300000000000000044e-01
1.693134280000000302e+01 6.309000000000000163e-01
1.697371350000000234e+01 6.351999999999999869e-01
1.701619029999999810e+01 6.444999999999999618e-01
1.705877330000000214e+01 6.548000000000000487e-01
1.710146289999999780e+01 6.613999999999999879e-01
1.714425929999999809e+01 6.653000000000000025e-01
1.718716289999999702e+01 6.657999999999999474e-01
1.723017380000000287e+01 6.671000000000000263e-01
1.727329230000000138e+01 6.722000000000000197e-01
1.731651869999999960e+01 6.766999999999999682e-01
1.735985340000000221e+01 6.794999999999999929e-01
1.740329640000000211e+01 6.832000000000000295e-01
1.744684819999999803e+01 6.850000000000000533e-01
1.749050890000000180e+01 6.841000000000000414e-01
1.753427900000000150e+01 6.892000000000000348e-01
1.757815850000000069e+01 7.006000000000000005e-01
1.762214789999999809e+01 7.086000000000000076e-01
1.766624729999999843e+01 7.117999999999999883e-01
1.771045709999999929e+01 7.166000000000000147e-01
1.775477760000000060e+01 7.243000000000000549e-01
1.779920890000000000e+01 7.307000000000000162e-01
1.784375149999999977e+01 7.351999999999999647e-01
1.788840550000000107e+01 7.413999999999999480e-01
1.793317120000000031e+01 7.479000000000000092e-01
1.797804899999999861e+01 7.487000000000000322e-01
1.802303910000000187e+01 7.482999999999999652e-01
1.806814179999999936e+01 7.527000000000000357e-01
1.811335730000000055e+01 7.606000000000000538e-01
1.815868599999999944e+01 7.683999999999999719e-01
1.820412819999999954e+01 7.727000000000000535e-01
1.824968399999999846e+01 7.745999999999999552e-01
1.829535389999999850e+01 7.770000000000000240e-01
1.834113800000000083e+01 7.809000000000000385e-01
1.838703669999999946e+01 7.861000000000000210e-01
1.843305030000000144e+01 7.880000000000000338e-01
1.847917909999999964e+01 7.909000000000000474e-01
1.852542319999999876e+01 7.943999999999999950e-01
1.857178310000000110e+01 7.959000000000000519e-01
1.861825899999999834e+01 7.993999999999999995e-01
1.866485119999999753e+01 8.033000000000000140e-01
1.871156009999999981e+01 8.062000000000000277e-01
1.875838579999999922e+01 8.102000000000000313e-01
1.880532859999999928e+01 8.158999999999999586e-01
1.885238900000000228e+01 8.201000000000000512e-01
1.889956709999999873e+01 8.201000000000000512e-01
1.894686330000000041e+01 8.189999999999999503e-01
1.899427790000000016e+01 8.215000000000000080e-01
1.904181110000000032e+01 8.207999999999999741e-01
1.908946320000000085e+01 8.164000000000000146e-01
1.913723459999999932e+01 8.173000000000000265e-01
1.918512559999999922e+01 8.181000000000000494e-01
1.923313639999999936e+01 8.156999999999999806e-01
1.928126729999999966e+01 8.183000000000000274e-01
1.932951870000000127e+01 8.213000000000000300e-01
1.937789090000000058e+01 8.171000000000000485e-01
1.942638409999999993e+01 8.105999999999999872e-01
1.947499859999999927e+01 8.156999999999999806e-01
1.952373479999999972e+01 8.318999999999999728e-01
1.957259299999999769e+01 8.390999999999999570e-01
1.962157339999999905e+01 8.280999999999999472e-01
1.967067650000000256e+01 8.187999999999999723e-01
1.971990229999999755e+01 8.237999999999999767e-01
1.976925139999999814e+01 8.327999999999999847e-01
1.981872399999999956e+01 8.362000000000000544e-01
1.986832039999999822e+01 8.377000000000000002e-01
1.991804090000000116e+01 8.374000000000000332e-01
1.996788580000000124e+01 8.336000000000000076e-01
2.001785549999999958e+01 8.315000000000000169e-01
2.006795020000000207e+01 8.345000000000000195e-01
2.011817019999999800e+01 8.358999999999999764e-01
2.016851600000000033e+01 8.334000000000000297e-01
2.021898769999999956e+01 8.337999999999999856e-01
2.026958580000000154e+01 8.343000000000000416e-01
2.032031040000000033e+01 8.336999999999999966e-01
2.037116199999999822e+01 8.319999999999999618e-01
2.042214090000000226e+01 8.296999999999999931e-01
2.047324730000000059e+01 8.316999999999999948e-01
2.052448170000000260e+01 8.448999999999999844e-01
2.057584420000000236e+01 8.637000000000000233e-01
2.062733529999999860e+01 8.703999999999999515e-01
2.067895520000000076e+01 8.627000000000000224e-01
2.073070429999999931e+01 8.567000000000000171e-01
2.078258290000000130e+01 8.575000000000000400e-01
2.083459139999999721e+01 8.600999999999999757e-01
2.088673000000000002e+01 8.672999999999999599e-01
2.093899899999999903e+01 8.753999999999999559e-01
2.099139890000000008e+01 8.745000000000000551e-01
2.104392989999999841e+01 8.680999999999999828e-01
2.109659239999999869e+01 8.680999999999999828e-01
2.114938659999999970e+01 8.797000000000000375e-01
2.120231300000000019e+01 8.927000000000000490e-01
2.125537179999999893e+01 8.963999999999999746e-01
2.130856340000000060e+01 8.938000000000000389e-01
2.136188809999999805e+01 8.951000000000000068e-01
2.141534619999999833e+01 8.951999999999999957e-01
2.146893820000000019e+01 8.921000000000000041e-01
2.152266419999999769e+01 8.888000000000000345e-01
2.157652470000000022e+01 8.934999999999999609e-01
2.163052000000000064e+01 9.069000000000000394e-01
2.168465039999999888e+01 9.163999999999999924e-01
2.173891629999999964e+01 9.173999999999999932e-01
2.179331790000000169e+01 9.136999999999999567e-01
2.184785570000000021e+01 9.106999999999999540e-01
2.190252999999999872e+01 9.116999999999999549e-01
2.195734110000000072e+01 9.213999999999999968e-01
2.201228940000000023e+01 9.314999999999999947e-01
2.206737520000000075e+01 9.330000000000000515e-01
2.212259880000000223e+01 9.298999999999999488e-01
2.217796059999999869e+01 9.282000000000000250e-01
2.223346099999999836e+01 9.317999999999999616e-01
2.228910030000000120e+01 9.357999999999999652e-01
2.234487880000000004e+01 9.327999999999999625e-01
2.240079689999999957e+01 9.311000000000000387e-01
2.245685489999999973e+01 9.344999999999999973e-01
2.251305320000000165e+01 9.346999999999999753e-01
2.256939210000000173e+01 9.336999999999999744e-01
2.262587209999999871e+01 9.331000000000000405e-01
2.268249340000000203e+01 9.334000000000000075e-01
2.273925630000000098e+01 9.375000000000000000e-01
2.279616130000000140e+01 9.394000000000000128e-01
2.285320879999999732e+01 9.385999999999999899e-01
2.291039890000000057e+01 9.389999999999999458e-01
2.296773219999999682e+01 9.396999999999999797e-01
2.302520900000000026e+01 9.415000000000000036e-01
2.308282960000000017e+01 9.418999999999999595e-01
2.314059439999999768e+01 9.422000000000000375e-01
2.319850380000000101e+01 9.452000000000000401e-01
2.325655809999999946e+01 9.485000000000000098e-01
2.331475769999999770e+01 9.505000000000000115e-01
2.337310289999999924e+01 9.519999999999999574e-01
2.343159409999999809e+01 9.524000000000000243e-01
2.349023170000000249e+01 9.516999999999999904e-01
2.354901600000000172e+01 9.517999999999999794e-01
2.360794750000000164e+01 9.509999999999999565e-01
2.366702640000000102e+01 9.493000000000000327e-01
2.372625309999999743e+01 9.500999999999999446e-01
2.378562810000000027e+01 9.503000000000000336e-01
2.384515169999999884e+01 9.483000000000000318e-01
2.390482420000000019e+01 9.484000000000000208e-01
2.396464609999999951e+01 9.500999999999999446e-01
2.402461759999999913e+01 9.505000000000000115e-01
2.408473930000000252e+01 9.495999999999999996e-01
2.414501130000000018e+01 9.495999999999999996e-01
2.420543430000000029e+01 9.514000000000000234e-01
2.426600840000000048e+01 9.522000000000000464e-01
2.432673409999999947e+01 9.534000000000000252e-01
2.438761179999999840e+01 9.528999999999999693e-01
2.444864180000000076e+01 9.509999999999999565e-01
2.450982460000000174e+01 9.529999999999999583e-01
2.457116040000000012e+01 9.556000000000000050e-01
2.463264979999999937e+01 9.575000000000000178e-01
2.469429299999999827e+01 9.613000000000000433e-01
2.475609049999999911e+01 9.609999999999999654e-01
2.481804269999999946e+01 9.558999999999999719e-01
2.488014990000000282e+01 9.585000000000000187e-01
2.494241249999999965e+01 9.649999999999999689e-01
