text
text
text
4.448920000000000097e-01 1.907999999999999974e-01
4.460052999999999934e-01 2.136000000000000121e-01
4.471214000000000022e-01 2.446000000000000119e-01
4.482404000000000388e-01 2.674000000000000266e-01
4.493620999999999865e-01 2.642999999999999794e-01
4.504866000000000148e-01 2.657999999999999807e-01
4.516140000000000154e-01 2.660000000000000142e-01
4.527440999999999827e-01 2.484000000000000097e-01
4.538770999999999778e-01 2.386000000000000065e-01
4.550128999999999979e-01 2.447000000000000008e-01
4.561515999999999349e-01 2.636999999999999900e-01
4.572930999999999524e-01 2.706999999999999962e-01
4.584374999999999978e-01 2.356999999999999929e-01
4.595846999999999571e-01 1.884000000000000119e-01
4.607349000000000028e-01 1.680000000000000104e-01
4.618879000000000179e-01 1.522000000000000020e-01
4.630437000000000025e-01 1.120000000000000023e-01
4.642024999999999624e-01 7.610000000000000098e-02
4.653642000000000056e-01 5.190000000000000169e-02
4.665287000000000184e-01 3.219999999999999946e-02
4.676962000000000619e-01 2.270000000000000143e-02
4.688666000000000222e-01 2.759999999999999953e-02
4.700399999999999578e-01 4.329999999999999821e-02
4.712162000000000295e-01 6.679999999999999827e-02
4.723954999999999682e-01 9.639999999999999958e-02
4.735775999999999875e-01 1.587000000000000077e-01
4.747627999999999848e-01 2.626999999999999891e-01
4.759509000000000101e-01 3.388999999999999790e-01
4.771419000000000077e-01 3.652000000000000246e-01
4.783359999999999834e-01 3.701999999999999735e-01
4.795329999999999870e-01 3.739000000000000101e-01
4.807329999999999659e-01 3.785999999999999921e-01
4.819360999999999784e-01 3.741999999999999771e-01
4.831421000000000188e-01 3.533999999999999919e-01
4.843511999999999817e-01 3.163000000000000256e-01
4.855632999999999755e-01 3.009000000000000008e-01
4.867783999999999445e-01 3.115999999999999881e-01
4.879966000000000581e-01 3.382000000000000006e-01
4.892177999999999805e-01 3.690999999999999837e-01
4.904419999999999891e-01 3.617000000000000215e-01
4.916694000000000342e-01 3.196999999999999842e-01
4.928997999999999435e-01 3.039000000000000035e-01
4.941332999999999420e-01 3.120999999999999885e-01
4.953698000000000268e-01 3.269000000000000239e-01
4.966095000000000370e-01 3.209000000000000186e-01
4.978523000000000254e-01 2.862999999999999989e-01
4.990980999999999890e-01 2.504000000000000115e-01
5.003470999999999336e-01 2.147000000000000020e-01
5.015993000000000812e-01 1.885000000000000009e-01
5.028544999999999821e-01 1.794000000000000039e-01
5.041128999999999749e-01 1.698999999999999955e-01
5.053744000000000014e-01 1.582999999999999963e-01
5.066391000000000089e-01 1.549999999999999989e-01
5.079069999999999974e-01 1.423000000000000098e-01
5.091780000000000195e-01 1.205999999999999989e-01
5.104522999999999699e-01 1.154000000000000026e-01
5.117296999999999541e-01 1.142999999999999988e-01
5.130103000000000302e-01 1.063000000000000056e-01
5.142940999999999763e-01 1.040999999999999981e-01
5.155811000000000144e-01 1.213999999999999940e-01
5.168712999999999225e-01 1.854999999999999982e-01
5.181647999999999810e-01 2.716000000000000081e-01
5.194615000000000204e-01 3.170000000000000040e-01
5.207614999999999883e-01 3.309000000000000274e-01
5.220647000000000482e-01 3.512000000000000122e-01
5.233712000000000364e-01 3.406000000000000139e-01
5.246809000000000056e-01 2.993000000000000105e-01
5.259939000000000142e-01 2.589000000000000190e-01
5.273101999999999512e-01 2.434000000000000052e-01
5.286297999999999275e-01 2.692999999999999838e-01
5.299527000000000543e-01 3.163000000000000256e-01
5.312788999999999984e-01 3.538000000000000034e-01
5.326083999999999818e-01 3.623999999999999999e-01
5.339412999999999521e-01 3.667000000000000259e-01
5.352774999999999617e-01 3.456000000000000183e-01
5.366170000000000107e-01 3.084999999999999964e-01
5.379599000000000464e-01 2.888999999999999901e-01
5.393061000000000105e-01 2.757999999999999896e-01
5.406556999999999613e-01 2.765000000000000235e-01
5.420087000000000099e-01 2.899999999999999800e-01
5.433650999999999343e-01 2.943000000000000060e-01
5.447248999999999564e-01 2.864999999999999769e-01
5.460881000000000762e-01 2.600999999999999979e-01
5.474546999999999608e-01 2.422999999999999876e-01
5.488247000000000542e-01 2.331999999999999906e-01
5.501981000000000233e-01 2.036999999999999922e-01
5.515750000000000375e-01 1.826000000000000123e-01
5.529553000000000385e-01 1.824000000000000066e-01
5.543390999999999735e-01 1.962000000000000133e-01
5.557263000000000064e-01 2.030000000000000138e-01
5.571169999999999733e-01 2.054999999999999882e-01
5.585111999999999854e-01 2.232999999999999985e-01
5.599089000000000427e-01 2.381000000000000061e-01
5.613100000000000867e-01 2.200000000000000011e-01
5.627147000000000121e-01 1.950999999999999956e-01
5.641228999999999827e-01 2.195000000000000007e-01
5.655345999999999984e-01 2.944999999999999840e-01
5.669499000000000066e-01 3.649999999999999911e-01
5.683686999999999490e-01 3.948999999999999733e-01
5.697909999999999364e-01 4.032000000000000028e-01
5.712169000000000274e-01 4.000000000000000222e-01
5.726463999999999999e-01 3.650999999999999801e-01
5.740794000000000175e-01 3.276999999999999913e-01
5.755160999999999749e-01 3.292999999999999816e-01
5.769562999999999775e-01 3.259000000000000230e-01
5.784000999999999726e-01 3.116999999999999771e-01
5.798476000000000186e-01 3.266000000000000014e-01
5.812985999999999986e-01 3.736999999999999766e-01
5.827533000000000296e-01 4.106000000000000205e-01
5.842117000000000004e-01 3.915000000000000147e-01
5.856736999999999638e-01 3.488999999999999879e-01
5.871393000000000306e-01 3.296000000000000041e-01
5.886086000000000373e-01 3.185000000000000053e-01
5.900815999999999839e-01 2.998000000000000109e-01
5.915582999999999814e-01 2.867999999999999994e-01
5.930386999999999187e-01 3.004999999999999893e-01
5.945228000000000179e-01 3.257999999999999785e-01
5.960105999999999460e-01 3.350000000000000200e-01
5.975020999999999249e-01 3.341999999999999971e-01
5.989972999999999548e-01 3.200000000000000067e-01
6.004962999999999829e-01 2.834999999999999742e-01
6.019991000000000092e-01 2.771000000000000130e-01
6.035055999999999754e-01 3.044000000000000039e-01
6.050157999999999925e-01 3.269000000000000239e-01
6.065298999999999552e-01 3.493999999999999884e-01
6.080476999999999688e-01 3.612000000000000210e-01
6.095694000000000390e-01 3.578000000000000069e-01
6.110948000000000491e-01 3.578999999999999959e-01
6.126241000000000048e-01 3.658000000000000140e-01
6.141571999999999587e-01 3.703000000000000180e-01
6.156941000000000219e-01 3.538999999999999924e-01
6.172349000000000308e-01 3.386000000000000121e-01
6.187795000000000378e-01 3.291000000000000036e-01
6.203279999999999905e-01 3.205000000000000071e-01
6.218803999999999998e-01 3.165000000000000036e-01
6.234366000000000074e-01 3.276999999999999913e-01
6.249968000000000190e-01 3.129000000000000115e-01
6.265608000000000288e-01 2.806000000000000161e-01
6.281287999999999316e-01 2.711999999999999966e-01
6.297007000000000021e-01 2.837000000000000077e-01
6.312765000000000182e-01 3.163000000000000256e-01
6.328563000000000383e-01 3.367999999999999883e-01
6.344400000000000039e-01 3.029000000000000026e-01
6.360276999999999736e-01 2.752999999999999892e-01
6.376194000000000583e-01 2.978999999999999981e-01
6.392149999999999777e-01 3.375000000000000222e-01
6.408146999999999593e-01 3.548000000000000043e-01
6.424182999999999977e-01 3.468999999999999861e-01
6.440259000000000400e-01 3.388999999999999790e-01
6.456376000000000337e-01 3.382000000000000006e-01
6.472533000000000314e-01 3.176999999999999824e-01
6.488730999999999804e-01 2.888000000000000012e-01
6.504969000000000445e-01 2.883000000000000007e-01
6.521247999999999490e-01 3.094000000000000083e-01
6.537566999999999684e-01 3.406000000000000139e-01
6.553926999999999392e-01 3.593999999999999972e-01
6.570328999999999198e-01 3.556000000000000272e-01
6.586771000000000154e-01 3.710999999999999854e-01
6.603253999999999513e-01 3.996000000000000107e-01
6.619779000000000080e-01 4.063999999999999835e-01
6.636345000000000161e-01 3.967999999999999861e-01
6.652951999999999755e-01 3.649000000000000021e-01
6.669600999999999447e-01 3.589999999999999858e-01
6.686292000000000346e-01 4.012999999999999901e-01
6.703024000000000759e-01 4.199999999999999845e-01
6.719798999999999634e-01 4.228999999999999981e-01
6.736615000000000242e-01 4.480000000000000093e-01
6.753472999999999837e-01 4.685000000000000275e-01
6.770374000000000114e-01 4.702000000000000068e-01
6.787317000000000489e-01 4.549000000000000266e-01
6.804301999999999850e-01 4.369000000000000106e-01
6.821329999999999893e-01 4.264999999999999902e-01
6.838400000000000034e-01 4.300999999999999823e-01
6.855512999999999746e-01 4.480000000000000093e-01
6.872669000000000139e-01 4.792000000000000148e-01
6.889868000000000103e-01 4.887000000000000233e-01
6.907109999999999639e-01 4.494000000000000217e-01
6.924395000000000966e-01 3.839000000000000190e-01
6.941722999999999644e-01 3.227999999999999758e-01
6.959095000000000697e-01 2.837999999999999967e-01
6.976510000000000211e-01 2.947000000000000175e-01
6.993968999999999880e-01 3.076999999999999735e-01
7.011470999999999121e-01 3.096999999999999753e-01
7.029018000000000210e-01 3.497999999999999998e-01
7.046607999999999761e-01 4.030000000000000249e-01
7.064242000000000576e-01 4.042000000000000037e-01
7.081920000000000437e-01 3.567000000000000171e-01
7.099642999999999926e-01 2.974999999999999867e-01
7.117409999999999570e-01 2.692999999999999838e-01
7.135220999999999369e-01 2.781000000000000139e-01
7.153076999999999908e-01 2.963999999999999968e-01
7.170976999999999490e-01 3.088000000000000189e-01
7.188922999999999286e-01 3.215999999999999970e-01
7.206912999999999236e-01 3.565999999999999726e-01
7.224947999999999926e-01 3.803000000000000269e-01
7.243029000000000828e-01 3.378999999999999782e-01
7.261155000000000248e-01 2.787000000000000033e-01
7.279326000000000407e-01 2.691000000000000059e-01
7.297542000000000195e-01 2.758999999999999786e-01
7.315804000000000196e-01 2.667999999999999816e-01
7.334112000000000409e-01 2.582999999999999741e-01
7.352466000000000834e-01 2.817000000000000060e-01
7.370864999999999778e-01 3.244000000000000217e-01
7.389310999999999519e-01 3.580999999999999739e-01
7.407802999999999471e-01 3.829000000000000181e-01
7.426341000000000747e-01 3.538999999999999924e-01
7.444925000000000015e-01 2.944999999999999840e-01
7.463556000000000079e-01 2.918000000000000038e-01
7.482233000000000356e-01 3.423999999999999821e-01
7.500957999999999792e-01 3.934000000000000274e-01
7.519729000000000552e-01 4.167000000000000148e-01
7.538546999999999887e-01 4.254000000000000004e-01
7.557412000000000019e-01 4.534000000000000252e-01
7.576324999999999310e-01 5.140000000000000124e-01
7.595283999999999924e-01 5.479000000000000536e-01
7.614292000000000282e-01 5.256999999999999451e-01
7.633345999999999743e-01 4.953000000000000180e-01
7.652449000000000057e-01 4.642999999999999905e-01
7.671599000000000057e-01 4.420999999999999930e-01
7.690796999999999217e-01 4.390999999999999903e-01
7.710044000000000342e-01 4.338000000000000189e-01
7.729338000000000042e-01 4.529000000000000248e-01
7.748680999999999486e-01 5.133999999999999675e-01
7.768072000000000310e-01 5.814000000000000279e-01
7.787511000000000294e-01 6.179999999999999938e-01
7.806999999999999496e-01 6.264999999999999458e-01
7.826537000000000077e-01 6.112999999999999545e-01
7.846122999999999292e-01 5.505999999999999783e-01
7.865757999999999361e-01 4.616000000000000103e-01
7.885442000000000284e-01 3.588999999999999968e-01
7.905174999999999841e-01 2.741000000000000103e-01
7.924957999999999725e-01 2.381000000000000061e-01
7.944790000000000463e-01 2.384000000000000008e-01
7.964671999999999308e-01 2.696000000000000063e-01
7.984603000000000117e-01 3.290000000000000147e-01
8.004584999999999617e-01 3.846999999999999864e-01
8.024615999999999971e-01 4.101000000000000201e-01
8.044698000000000127e-01 3.864000000000000212e-01
8.064829999999999499e-01 3.377000000000000002e-01
8.085011999999999199e-01 2.985999999999999766e-01
8.105244999999999811e-01 2.762000000000000011e-01
8.125528000000000750e-01 2.736999999999999988e-01
8.145862000000000380e-01 2.722999999999999865e-01
8.166246999999999812e-01 3.003000000000000114e-01
8.186683000000000154e-01 3.420000000000000262e-01
8.207170999999999772e-01 3.746999999999999775e-01
8.227709000000000827e-01 4.134999999999999787e-01
8.248299000000001158e-01 4.305999999999999828e-01
8.268940000000000179e-01 4.118999999999999884e-01
8.289632999999999585e-01 3.847999999999999754e-01
8.310378000000000487e-01 3.649999999999999911e-01
8.331174999999999553e-01 3.622000000000000219e-01
8.352023999999999004e-01 3.740999999999999881e-01
8.372924999999998841e-01 3.925000000000000155e-01
8.393878000000000172e-01 4.142000000000000126e-01
8.414882999999999669e-01 4.511999999999999900e-01
8.435941999999999608e-01 4.975999999999999868e-01
8.457052999999999932e-01 5.098000000000000309e-01
8.478216000000000641e-01 4.703999999999999848e-01
8.499433000000000682e-01 4.068999999999999839e-01
8.520702999999999472e-01 3.652000000000000246e-01
8.542026000000000341e-01 3.709000000000000075e-01
8.563403000000000542e-01 4.102999999999999980e-01
8.584832000000000019e-01 4.472999999999999754e-01
8.606316000000000521e-01 4.867000000000000215e-01
8.627852999999998662e-01 5.217000000000000526e-01
8.649445000000000050e-01 5.090000000000000080e-01
8.671090000000000186e-01 4.850999999999999757e-01
8.692789000000000765e-01 5.243999999999999773e-01
8.714543000000000150e-01 5.736999999999999877e-01
8.736351000000001088e-01 5.655000000000000027e-01
8.758213999999999722e-01 5.218000000000000416e-01
8.780130999999999908e-01 4.978000000000000203e-01
8.802103999999999484e-01 5.080000000000000071e-01
8.824130999999999503e-01 5.208000000000000407e-01
8.846212999999999438e-01 5.362000000000000099e-01
8.868351000000000983e-01 5.681000000000000494e-01
8.890544000000000224e-01 6.039999999999999813e-01
8.912792999999999966e-01 6.257000000000000339e-01
8.935096999999999623e-01 6.252999999999999670e-01
8.957456999999999780e-01 6.105000000000000426e-01
8.979872999999999328e-01 5.999999999999999778e-01
9.002344999999999375e-01 5.936000000000000165e-01
9.024872999999999923e-01 6.129999999999999893e-01
9.047458000000000444e-01 6.643000000000000016e-01
9.070099000000000355e-01 6.876999999999999780e-01
9.092797000000000240e-01 6.535999999999999588e-01
9.115552000000000099e-01 5.725000000000000089e-01
9.138363999999999931e-01 4.793000000000000038e-01
9.161232999999999738e-01 3.955000000000000182e-01
9.184158999999999518e-01 3.259000000000000230e-01
9.207141999999999271e-01 2.938999999999999946e-01
9.230183000000000693e-01 3.130000000000000004e-01
9.253281000000000978e-01 3.583000000000000074e-01
9.276438000000000184e-01 3.733000000000000207e-01
9.299652000000000474e-01 3.751999999999999780e-01
9.322924000000001321e-01 3.947999999999999843e-01
9.346254999999998869e-01 3.789000000000000146e-01
9.369644000000000306e-01 3.360000000000000209e-01
9.393092000000000663e-01 3.069000000000000061e-01
9.416598000000000468e-01 2.969999999999999862e-01
9.440163000000000304e-01 2.985999999999999766e-01
9.463787000000000171e-01 3.079999999999999960e-01
9.487469999999998960e-01 3.413999999999999813e-01
9.511212000000000000e-01 3.865999999999999992e-01
9.535013999999999434e-01 4.045000000000000262e-01
9.558876000000000595e-01 3.919000000000000261e-01
9.582797000000000676e-01 3.891000000000000014e-01
9.606778000000000262e-01 4.096000000000000196e-01
9.630818999999999352e-01 4.232000000000000206e-01
9.654920000000000169e-01 4.103999999999999870e-01
9.679081000000000490e-01 4.057000000000000051e-01
9.703302999999999789e-01 4.168000000000000038e-01
9.727585999999999178e-01 4.186000000000000276e-01
9.751929000000000292e-01 4.405999999999999917e-01
9.776333000000000384e-01 5.082999999999999741e-01
9.800799000000001149e-01 5.611000000000000432e-01
9.825325000000000308e-01 5.578999999999999515e-01
9.849913000000000141e-01 5.382000000000000117e-01
9.874562000000000062e-01 5.316999999999999504e-01
9.899272999999999545e-01 5.415999999999999703e-01
9.924046000000000811e-01 5.471000000000000307e-01
9.948880999999999419e-01 5.611000000000000432e-01
9.973777999999999810e-01 5.969999999999999751e-01
9.998737999999999237e-01 6.186000000000000387e-01
1.002375999999999934e+00 6.276000000000000467e-01
1.004884399999999900e+00 6.307000000000000384e-01
1.007399099999999992e+00 6.199999999999999956e-01
1.009920199999999824e+00 6.161999999999999700e-01
1.012447499999999945e+00 6.147000000000000242e-01
1.014981099999999969e+00 5.927999999999999936e-01
1.017521099999999956e+00 5.688999999999999613e-01
1.020067499999999905e+00 5.725000000000000089e-01
1.022620199999999979e+00 6.054000000000000492e-01
1.025179300000000016e+00 6.262999999999999678e-01
1.027744800000000014e+00 6.329000000000000181e-01
1.030316699999999974e+00 6.322999999999999732e-01
1.032895099999999955e+00 6.311999999999999833e-01
1.035479900000000120e+00 6.525999999999999579e-01
1.038071199999999861e+00 6.757999999999999563e-01
1.040669000000000066e+00 6.435999999999999499e-01
1.043273300000000070e+00 5.877000000000000002e-01
1.045884100000000094e+00 5.793000000000000371e-01
1.048501399999999917e+00 5.835000000000000187e-01
1.051125300000000040e+00 5.933000000000000496e-01
1.053755699999999962e+00 6.203999999999999515e-01
1.056392699999999962e+00 6.629000000000000448e-01
1.059036399999999878e+00 7.036000000000000032e-01
1.061686600000000036e+00 7.236000000000000210e-01
1.064343499999999887e+00 7.310999999999999721e-01
1.067007000000000039e+00 7.261999999999999567e-01
1.069677200000000106e+00 7.234000000000000430e-01
1.072354099999999866e+00 7.234000000000000430e-01
1.075037599999999927e+00 7.135000000000000231e-01
1.077727899999999961e+00 7.181999999999999496e-01
1.080424899999999910e+00 7.260999999999999677e-01
1.083128700000000055e+00 6.985000000000000098e-01
1.085839199999999893e+00 6.297000000000000375e-01
1.088556500000000149e+00 5.523000000000000131e-01
1.091280600000000156e+00 5.013999999999999568e-01
1.094011599999999973e+00 4.375999999999999890e-01
1.096749300000000149e+00 3.840000000000000080e-01
1.099493999999999971e+00 3.380000000000000226e-01
1.102245399999999931e+00 3.180999999999999939e-01
1.105003799999999980e+00 3.411000000000000143e-01
1.107769100000000062e+00 3.689000000000000057e-01
1.110541299999999953e+00 3.997999999999999887e-01
1.113320399999999877e+00 4.461999999999999855e-01
1.116106500000000112e+00 4.945999999999999841e-01
1.118899599999999994e+00 5.194999999999999618e-01
1.121699599999999908e+00 5.279000000000000359e-01
1.124506699999999970e+00 5.120999999999999996e-01
1.127320700000000064e+00 5.010000000000000009e-01
1.130141899999999922e+00 5.030999999999999917e-01
1.132970000000000033e+00 4.964999999999999969e-01
1.135805299999999907e+00 5.008000000000000229e-01
1.138647600000000093e+00 5.141000000000000014e-01
1.141497100000000042e+00 5.202999999999999847e-01
1.144353699999999918e+00 5.482000000000000206e-01
1.147217500000000001e+00 5.651000000000000467e-01
1.150088400000000011e+00 5.342999999999999972e-01
1.152966500000000005e+00 5.118000000000000327e-01
1.155851799999999985e+00 5.288000000000000478e-01
1.158744299999999949e+00 5.316999999999999504e-01
1.161644100000000179e+00 5.310000000000000275e-01
1.164551099999999950e+00 5.474999999999999867e-01
1.167465399999999986e+00 5.504000000000000004e-01
1.170386900000000008e+00 5.633000000000000229e-01
1.173315799999999909e+00 5.899999999999999689e-01
1.176252100000000134e+00 5.835000000000000187e-01
1.179195600000000121e+00 5.423000000000000043e-01
1.182146600000000047e+00 5.385999999999999677e-01
1.185104900000000017e+00 5.786999999999999922e-01
1.188070600000000088e+00 5.938999999999999835e-01
1.191043800000000097e+00 5.769999999999999574e-01
1.194024399999999986e+00 5.383999999999999897e-01
1.197012399999999976e+00 5.008000000000000229e-01
1.200007899999999905e+00 4.832000000000000184e-01
1.203011000000000053e+00 4.736000000000000210e-01
1.206021500000000080e+00 4.600000000000000200e-01
1.209039600000000103e+00 4.646000000000000130e-01
1.212065200000000065e+00 4.852000000000000202e-01
1.215098400000000023e+00 4.853000000000000091e-01
1.218139199999999978e+00 4.801000000000000267e-01
1.221187599999999929e+00 4.924999999999999933e-01
1.224243599999999876e+00 5.060000000000000053e-01
1.227307200000000043e+00 5.158000000000000362e-01
1.230378600000000100e+00 5.406999999999999584e-01
1.233457599999999932e+00 5.480000000000000426e-01
1.236544300000000041e+00 5.342000000000000082e-01
1.239638800000000041e+00 5.252000000000000002e-01
1.242741000000000096e+00 5.087000000000000410e-01
1.245851000000000042e+00 5.129000000000000226e-01
1.248968700000000043e+00 5.473000000000000087e-01
1.252094199999999935e+00 5.795000000000000151e-01
1.255227599999999999e+00 6.031999999999999584e-01
1.258368799999999954e+00 6.284999999999999476e-01
1.261517900000000081e+00 6.473999999999999755e-01
1.264674799999999877e+00 6.424999999999999600e-01
1.267839700000000125e+00 6.358000000000000318e-01
1.271012500000000101e+00 6.475999999999999535e-01
1.274193200000000026e+00 6.604999999999999760e-01
1.277381799999999901e+00 6.683999999999999941e-01
1.280578500000000064e+00 6.631000000000000227e-01
1.283783099999999955e+00 6.499000000000000332e-01
1.286995800000000134e+00 6.562999999999999945e-01
1.290216500000000099e+00 6.856999999999999762e-01
1.293445299999999909e+00 7.053000000000000380e-01
1.296682099999999949e+00 7.197000000000000064e-01
1.299927100000000113e+00 7.361999999999999655e-01
1.303180099999999841e+00 7.477000000000000313e-01
1.306441399999999975e+00 7.530999999999999917e-01
1.309710699999999894e+00 7.621999999999999886e-01
1.312988299999999997e+00 7.619000000000000217e-01
1.316273999999999944e+00 7.463999999999999524e-01
1.319568000000000074e+00 7.476000000000000423e-01
1.322870199999999885e+00 7.496000000000000441e-01
1.326180700000000101e+00 7.405000000000000471e-01
1.329499500000000056e+00 7.422999999999999599e-01
1.332826599999999972e+00 7.539000000000000146e-01
1.336162000000000072e+00 7.628000000000000336e-01
1.339505700000000132e+00 7.848000000000000531e-01
1.342857799999999990e+00 8.063000000000000167e-01
1.346218300000000090e+00 8.165000000000000036e-01
1.349587199999999987e+00 8.104999999999999982e-01
1.352964599999999962e+00 7.969000000000000528e-01
1.356350400000000178e+00 8.038999999999999480e-01
1.359744599999999970e+00 8.244000000000000217e-01
1.363147400000000120e+00 8.368999999999999773e-01
1.366558699999999904e+00 8.436000000000000165e-01
1.369978499999999988e+00 8.493000000000000549e-01
1.373406899999999986e+00 8.450999999999999623e-01
1.376843800000000062e+00 8.485000000000000320e-01
1.380289400000000111e+00 8.662999999999999590e-01
1.383743600000000074e+00 8.740999999999999881e-01
1.387206399999999951e+00 8.733999999999999542e-01
1.390677900000000022e+00 8.701999999999999735e-01
1.394158000000000008e+00 8.400999999999999579e-01
1.397646899999999803e+00 7.883999999999999897e-01
1.401144500000000015e+00 7.368000000000000105e-01
1.404650900000000036e+00 6.407000000000000473e-01
1.408166000000000029e+00 5.140000000000000124e-01
1.411689999999999889e+00 4.415999999999999925e-01
1.415222700000000167e+00 4.361999999999999766e-01
1.418764300000000089e+00 4.650000000000000244e-01
1.422314799999999879e+00 5.080999999999999961e-01
1.425874099999999922e+00 5.409000000000000474e-01
1.429442400000000113e+00 5.460000000000000409e-01
1.433019599999999949e+00 5.383000000000000007e-01
1.436605700000000096e+00 5.427999999999999492e-01
1.440200799999999948e+00 5.496999999999999664e-01
1.443804900000000169e+00 5.400000000000000355e-01
1.447418000000000093e+00 5.303999999999999826e-01
1.451040200000000002e+00 5.100999999999999979e-01
1.454671400000000059e+00 4.718999999999999861e-01
1.458311700000000100e+00 4.264000000000000012e-01
1.461961199999999961e+00 4.242000000000000215e-01
1.465619699999999970e+00 4.774999999999999800e-01
1.469287500000000080e+00 5.149000000000000243e-01
1.472964299999999893e+00 5.122999999999999776e-01
1.476650400000000030e+00 5.090999999999999970e-01
1.480345800000000045e+00 5.349000000000000421e-01
1.484050300000000044e+00 5.431000000000000272e-01
1.487764199999999981e+00 5.221000000000000085e-01
1.491487299999999960e+00 5.178000000000000380e-01
1.495219700000000040e+00 5.342999999999999972e-01
1.498961500000000058e+00 5.346999999999999531e-01
1.502712700000000012e+00 5.119000000000000217e-01
1.506473200000000068e+00 4.964000000000000079e-01
1.510243200000000119e+00 4.979000000000000092e-01
1.514022600000000107e+00 5.017000000000000348e-01
1.517811400000000033e+00 5.014999999999999458e-01
1.521609699999999954e+00 4.991999999999999771e-01
1.525417599999999929e+00 5.101999999999999869e-01
1.529234900000000064e+00 5.477999999999999536e-01
1.533061800000000030e+00 5.789999999999999591e-01
1.536898300000000051e+00 5.927999999999999936e-01
1.540744399999999903e+00 5.977999999999999980e-01
1.544600100000000031e+00 5.907999999999999918e-01
1.548465500000000050e+00 5.829999999999999627e-01
1.552340500000000123e+00 5.785000000000000142e-01
1.556225300000000145e+00 5.675999999999999934e-01
1.560119699999999998e+00 5.638999999999999568e-01
1.564023900000000022e+00 5.830999999999999517e-01
1.567937899999999996e+00 5.868999999999999773e-01
1.571861699999999917e+00 5.672000000000000375e-01
1.575795199999999952e+00 5.464999999999999858e-01
1.579738700000000051e+00 5.512000000000000233e-01
1.583692000000000100e+00 5.826000000000000068e-01
1.587655199999999933e+00 5.921999999999999487e-01
1.591628299999999996e+00 6.057000000000000162e-01
1.595611299999999844e+00 6.178000000000000158e-01
1.599604299999999979e+00 5.989999999999999769e-01
1.603607400000000016e+00 5.887000000000000011e-01
1.607620400000000060e+00 6.037000000000000144e-01
1.611643500000000007e+00 6.268000000000000238e-01
1.615676600000000018e+00 6.512000000000000011e-01
1.619719799999999932e+00 6.667999999999999483e-01
1.623773200000000028e+00 6.703000000000000069e-01
1.627836700000000025e+00 6.699000000000000510e-01
1.631910299999999925e+00 6.672000000000000153e-01
1.635994199999999843e+00 6.568000000000000504e-01
1.640088300000000165e+00 6.393999999999999684e-01
1.644192600000000004e+00 6.512999999999999901e-01
1.648307200000000083e+00 6.998999999999999666e-01
1.652432099999999959e+00 7.187000000000000055e-01
1.656567299999999854e+00 6.974000000000000199e-01
1.660712900000000047e+00 6.858999999999999542e-01
1.664868799999999815e+00 6.969999999999999529e-01
1.669035099999999883e+00 7.174000000000000377e-01
1.673211899999999863e+00 7.223000000000000531e-01
1.677399100000000143e+00 7.170999999999999597e-01
1.681596800000000114e+00 7.093000000000000416e-01
1.685804999999999998e+00 6.996999999999999886e-01
1.690023700000000018e+00 7.138999999999999790e-01
1.694252999999999787e+00 7.288000000000000034e-01
1.698492899999999972e+00 7.489999999999999991e-01
1.702743400000000129e+00 7.771000000000000130e-01
1.707004499999999814e+00 7.844999999999999751e-01
1.711276299999999972e+00 7.877999999999999448e-01
1.715558699999999881e+00 7.890000000000000346e-01
1.719851900000000100e+00 7.885999999999999677e-01
1.724155900000000186e+00 7.910000000000000364e-01
1.728470599999999857e+00 7.786999999999999478e-01
1.732796099999999839e+00 7.774999999999999689e-01
1.737132400000000132e+00 8.003000000000000114e-01
1.741479599999999905e+00 8.096999999999999753e-01
1.745837599999999989e+00 8.171000000000000485e-01
1.750206599999999835e+00 8.266000000000000014e-01
1.754586500000000271e+00 8.153000000000000247e-01
1.758977300000000188e+00 8.095999999999999863e-01
1.763379200000000147e+00 8.139999999999999458e-01
1.767791999999999808e+00 7.858000000000000540e-01
1.772215899999999955e+00 7.438000000000000167e-01
1.776650899999999922e+00 7.225000000000000311e-01
1.781097000000000152e+00 7.214000000000000412e-01
1.785554200000000202e+00 7.368999999999999995e-01
1.790022499999999850e+00 7.452999999999999625e-01
1.794502000000000042e+00 7.601999999999999869e-01
1.798992799999999948e+00 7.701999999999999957e-01
1.803494799999999953e+00 7.620000000000000107e-01
1.808008000000000282e+00 7.678000000000000380e-01
1.812532600000000160e+00 7.951000000000000290e-01
1.817068400000000139e+00 8.145999999999999908e-01
1.821615599999999890e+00 7.960000000000000409e-01
1.826174199999999859e+00 7.527000000000000357e-01
1.830744199999999822e+00 7.359999999999999876e-01
1.835325700000000060e+00 7.497000000000000330e-01
1.839918600000000071e+00 7.568000000000000282e-01
1.844522999999999913e+00 7.705999999999999517e-01
1.849138900000000030e+00 7.932000000000000162e-01
1.853766400000000036e+00 8.125000000000000000e-01
1.858405400000000096e+00 8.300999999999999490e-01
1.863056100000000104e+00 8.366000000000000103e-01
1.867718400000000001e+00 8.347999999999999865e-01
1.872392399999999846e+00 8.354000000000000314e-01
1.877077999999999802e+00 8.377000000000000002e-01
1.881775399999999987e+00 8.458999999999999853e-01
1.886484600000000178e+00 8.477000000000000091e-01
1.891205500000000095e+00 8.369999999999999662e-01
1.895938200000000240e+00 8.252000000000000446e-01
1.900682800000000228e+00 8.329999999999999627e-01
1.905439300000000058e+00 8.530999999999999694e-01
1.910207600000000117e+00 8.746000000000000441e-01
1.914987900000000076e+00 8.974999999999999645e-01
1.919780199999999937e+00 9.026999999999999469e-01
1.924584500000000142e+00 8.782999999999999696e-01
1.929400700000000191e+00 8.545000000000000373e-01
1.934229100000000034e+00 8.568000000000000060e-01
1.939069500000000001e+00 8.509999999999999787e-01
1.943922000000000150e+00 8.379999999999999671e-01
1.948786699999999872e+00 8.418999999999999817e-01
1.953663499999999775e+00 8.386000000000000121e-01
1.958552500000000141e+00 8.204000000000000181e-01
1.963453800000000138e+00 7.933000000000000052e-01
1.968367399999999989e+00 7.804999999999999716e-01
1.973293200000000081e+00 7.830000000000000293e-01
1.978231399999999862e+00 7.879000000000000448e-01
1.983181899999999942e+00 7.904999999999999805e-01
1.988144799999999934e+00 8.023000000000000131e-01
1.993120200000000120e+00 8.076999999999999735e-01
1.998107900000000159e+00 7.995999999999999774e-01
2.003108199999999783e+00 8.064999999999999947e-01
2.008121000000000045e+00 8.152000000000000357e-01
2.013146299999999833e+00 8.087999999999999634e-01
2.018184199999999873e+00 7.832999999999999963e-01
2.023234700000000164e+00 7.657000000000000473e-01
2.028297900000000098e+00 7.762000000000000011e-01
2.033373700000000284e+00 7.952000000000000179e-01
2.038462200000000113e+00 7.865999999999999659e-01
2.043563499999999866e+00 7.409999999999999920e-01
2.048677500000000151e+00 7.227999999999999980e-01
2.053804300000000360e+00 7.301999999999999602e-01
2.058943999999999885e+00 7.149999999999999689e-01
2.064096500000000223e+00 7.066999999999999948e-01
2.069261899999999876e+00 7.183000000000000496e-01
2.074440199999999734e+00 7.372999999999999554e-01
2.079631500000000077e+00 7.642999999999999794e-01
2.084835800000000017e+00 7.790000000000000258e-01
2.090053099999999997e+00 7.701999999999999957e-01
2.095283400000000018e+00 7.741000000000000103e-01
2.100526900000000197e+00 7.986999999999999655e-01
2.105783499999999808e+00 8.033000000000000140e-01
2.111053199999999741e+00 7.630000000000000115e-01
2.116336100000000275e+00 7.393999999999999462e-01
2.121632200000000079e+00 7.764999999999999680e-01
2.126941600000000321e+00 7.995999999999999774e-01
2.132264300000000112e+00 7.771000000000000130e-01
2.137600299999999898e+00 7.478000000000000203e-01
2.142949600000000121e+00 7.278999999999999915e-01
2.148312400000000011e+00 7.428000000000000158e-01
2.153688499999999895e+00 7.751000000000000112e-01
2.159078099999999889e+00 7.869000000000000439e-01
2.164481199999999994e+00 7.752000000000000002e-01
2.169897799999999766e+00 7.750000000000000222e-01
2.175327999999999928e+00 7.979000000000000536e-01
2.180771800000000038e+00 8.145000000000000018e-01
2.186229200000000095e+00 8.209999999999999520e-01
2.191700200000000098e+00 8.185999999999999943e-01
2.197184899999999885e+00 8.205999999999999961e-01
2.202683399999999736e+00 8.296000000000000041e-01
2.208195599999999814e+00 8.378999999999999782e-01
2.213721599999999956e+00 8.327999999999999847e-01
2.219261499999999998e+00 8.189999999999999503e-01
2.224815199999999660e+00 8.117999999999999661e-01
2.230382800000000110e+00 8.102000000000000313e-01
2.235964300000000016e+00 8.074999999999999956e-01
2.241559800000000102e+00 8.021000000000000352e-01
2.247169299999999925e+00 8.058999999999999497e-01
2.252792900000000209e+00 8.045999999999999819e-01
2.258430500000000229e+00 7.981000000000000316e-01
2.264082199999999823e+00 8.065999999999999837e-01
2.269748100000000157e+00 8.328999999999999737e-01
2.275428100000000065e+00 8.519999999999999796e-01
2.281122399999999661e+00 8.525000000000000355e-01
2.286830900000000000e+00 8.346000000000000085e-01
2.292553700000000028e+00 7.965999999999999748e-01
2.298290799999999745e+00 7.498000000000000220e-01
2.304042299999999877e+00 7.288999999999999924e-01
2.309808099999999698e+00 7.528000000000000247e-01
2.315588399999999769e+00 7.674999999999999600e-01
2.321383199999999647e+00 7.300999999999999712e-01
2.327192499999999775e+00 7.038999999999999702e-01
2.333016300000000154e+00 7.277000000000000135e-01
2.338854699999999731e+00 7.438000000000000167e-01
2.344707600000000003e+00 7.236000000000000210e-01
2.350575300000000034e+00 6.941000000000000503e-01
2.356457600000000152e+00 6.925999999999999934e-01
2.362354599999999749e+00 7.125000000000000222e-01
2.368266399999999994e+00 7.187000000000000055e-01
2.374192999999999998e+00 7.016000000000000014e-01
2.380134400000000205e+00 6.695999999999999730e-01
2.386090700000000009e+00 6.669000000000000483e-01
2.392061899999999852e+00 6.956999999999999851e-01
2.398048100000000016e+00 6.948999999999999622e-01
2.404049199999999775e+00 6.710000000000000409e-01
2.410065299999999855e+00 6.534999999999999698e-01
2.416096500000000091e+00 6.516999999999999460e-01
2.422142800000000040e+00 6.862000000000000322e-01
2.428204200000000146e+00 7.209999999999999742e-01
2.434280800000000244e+00 7.262999999999999456e-01
2.440372599999999892e+00 7.090999999999999526e-01
2.446479599999999976e+00 6.807999999999999607e-01
2.452601899999999890e+00 6.633000000000000007e-01
2.458739599999999914e+00 6.864000000000000101e-01
2.464892599999999767e+00 7.016000000000000014e-01
2.471061000000000174e+00 6.692000000000000171e-01
2.477244800000000247e+00 6.250999999999999890e-01
2.483444099999999821e+00 6.082999999999999519e-01
2.489658899999999786e+00 6.211999999999999744e-01
2.495889299999999977e+00 6.512000000000000011e-01
2.502135299999999951e+00 6.783000000000000140e-01
2.508396900000000151e+00 6.719000000000000528e-01
2.514674100000000134e+00 6.625999999999999668e-01
2.520967100000000016e+00 6.834000000000000075e-01
2.527275799999999961e+00 6.945000000000000062e-01
2.533600300000000249e+00 6.828999999999999515e-01
2.539940699999999829e+00 6.776999999999999691e-01
2.546296900000000196e+00 6.778999999999999471e-01
2.552668999999999855e+00 6.785999999999999810e-01
2.559057099999999974e+00 6.791000000000000369e-01
2.565461100000000272e+00 6.715999999999999748e-01
2.571881199999999978e+00 6.716999999999999638e-01
2.578317299999999701e+00 6.853000000000000203e-01
2.584769500000000164e+00 7.043000000000000371e-01
2.591237899999999872e+00 7.214000000000000412e-01
2.597722499999999712e+00 7.287000000000000144e-01
2.604223300000000130e+00 7.446000000000000396e-01
2.610740400000000072e+00 7.489999999999999991e-01
2.617273799999999984e+00 7.390999999999999792e-01
2.623823499999999864e+00 7.416000000000000369e-01
2.630389599999999994e+00 7.582999999999999741e-01
2.636972200000000210e+00 7.708000000000000407e-01
2.643571199999999788e+00 7.788000000000000478e-01
2.650186699999999895e+00 7.775999999999999579e-01
2.656818799999999925e+00 7.678000000000000380e-01
2.663467499999999877e+00 7.680000000000000160e-01
2.670132900000000031e+00 7.876999999999999558e-01
2.676814900000000108e+00 8.077999999999999625e-01
2.683513599999999943e+00 8.021000000000000352e-01
2.690229100000000262e+00 7.790000000000000258e-01
2.696961400000000175e+00 7.697000000000000508e-01
2.703710500000000128e+00 7.895999999999999686e-01
2.710476599999999792e+00 8.072000000000000286e-01
2.717259600000000219e+00 8.142000000000000348e-01
2.724059500000000078e+00 8.129999999999999449e-01
2.730876499999999929e+00 7.974999999999999867e-01
2.737710499999999936e+00 7.991000000000000325e-01
2.744561600000000379e+00 8.266000000000000014e-01
2.751429899999999762e+00 8.411999999999999478e-01
2.758315300000000025e+00 8.439999999999999725e-01
2.765217999999999954e+00 8.430999999999999606e-01
2.772137999999999991e+00 8.333000000000000407e-01
2.779075300000000137e+00 8.411999999999999478e-01
2.786029899999999948e+00 8.618000000000000105e-01
2.793001900000000148e+00 8.696000000000000396e-01
2.799991400000000130e+00 8.726000000000000423e-01
2.806998399999999894e+00 8.767000000000000348e-01
2.814022899999999883e+00 8.729000000000000092e-01
2.821064999999999934e+00 8.636000000000000343e-01
2.828124799999999883e+00 8.682999999999999607e-01
2.835202100000000058e+00 8.860999999999999988e-01
2.842297199999999968e+00 8.959000000000000297e-01
2.849410100000000057e+00 9.008000000000000451e-01
2.856540700000000044e+00 9.068000000000000504e-01
2.863689200000000046e+00 9.025999999999999579e-01
2.870855600000000063e+00 9.049000000000000377e-01
2.878039900000000095e+00 9.141000000000000236e-01
2.885242199999999979e+00 9.101000000000000201e-01
2.892462599999999995e+00 8.968000000000000416e-01
2.899700999999999862e+00 8.880000000000000115e-01
2.906957499999999861e+00 8.984999999999999654e-01
2.914232099999999992e+00 9.211000000000000298e-01
2.921524999999999928e+00 9.288999999999999480e-01
2.928836100000000275e+00 9.291000000000000369e-01
2.936165499999999984e+00 9.288999999999999480e-01
2.943513300000000221e+00 9.282000000000000250e-01
2.950879400000000263e+00 9.321000000000000396e-01
2.958263999999999783e+00 9.322000000000000286e-01
2.965667099999999667e+00 9.344000000000000083e-01
2.973088699999999918e+00 9.445999999999999952e-01
2.980528800000000089e+00 9.457999999999999741e-01
2.987987599999999855e+00 9.362000000000000322e-01
2.995465000000000266e+00 9.395999999999999908e-01
3.002961200000000108e+00 9.533000000000000362e-01
3.010476099999999988e+00 9.565000000000000169e-01
3.018009800000000187e+00 9.566000000000000059e-01
3.025562400000000096e+00 9.597999999999999865e-01
3.033133900000000160e+00 9.582000000000000517e-01
3.040724299999999936e+00 9.523000000000000353e-01
3.048333700000000146e+00 9.534000000000000252e-01
3.055962199999999740e+00 9.600999999999999535e-01
3.063609700000000213e+00 9.643000000000000460e-01
3.071276399999999906e+00 9.649999999999999689e-01
3.078962300000000152e+00 9.648999999999999799e-01
3.086667400000000061e+00 9.658999999999999808e-01
3.094391800000000359e+00 9.710999999999999632e-01
3.102135500000000157e+00 9.728999999999999870e-01
3.109898600000000179e+00 9.709999999999999742e-01
3.117681099999999983e+00 9.711999999999999522e-01
3.125483099999999848e+00 9.720999999999999641e-01
3.133304599999999773e+00 9.756000000000000227e-01
3.141145700000000041e+00 9.797000000000000153e-01
3.149006500000000042e+00 9.792999999999999483e-01
3.156886899999999940e+00 9.781999999999999584e-01
3.164787000000000017e+00 9.802999999999999492e-01
3.172706900000000108e+00 9.804000000000000492e-01
3.180646600000000213e+00 9.770999999999999686e-01
3.188606100000000332e+00 9.778000000000000025e-01
3.196585600000000138e+00 9.825000000000000400e-01
3.204585100000000075e+00 9.845000000000000417e-01
3.212604599999999699e+00 9.791999999999999593e-01
3.220644099999999899e+00 9.704000000000000403e-01
3.228703799999999902e+00 9.690999999999999615e-01
3.236783599999999872e+00 9.687999999999999945e-01
3.244883699999999926e+00 9.618999999999999773e-01
3.253004000000000229e+00 9.610999999999999543e-01
3.261144600000000171e+00 9.680999999999999606e-01
3.269305600000000034e+00 9.697999999999999954e-01
3.277487100000000098e+00 9.644000000000000350e-01
3.285689000000000082e+00 9.556999999999999940e-01
3.293911400000000267e+00 9.477999999999999758e-01
3.302154499999999882e+00 9.489999999999999547e-01
3.310418099999999697e+00 9.510999999999999455e-01
3.318702399999999830e+00 9.486999999999999877e-01
3.327007499999999673e+00 9.492000000000000437e-01
3.335333299999999834e+00 9.513000000000000345e-01
3.343680000000000430e+00 9.586999999999999966e-01
3.352047600000000127e+00 9.715000000000000302e-01
3.360436099999999815e+00 9.782999999999999474e-01
3.368845599999999774e+00 9.795000000000000373e-01
3.377276100000000003e+00 9.726000000000000201e-01
3.385727700000000340e+00 9.617999999999999883e-01
3.394200499999999732e+00 9.558999999999999719e-01
3.402694499999999955e+00 9.540999999999999481e-01
3.411209799999999959e+00 9.516000000000000014e-01
3.419746300000000350e+00 9.514000000000000234e-01
3.428304299999999749e+00 9.564000000000000279e-01
3.436883600000000261e+00 9.592000000000000526e-01
3.445484399999999781e+00 9.546000000000000041e-01
3.454106700000000085e+00 9.445000000000000062e-01
3.462750600000000123e+00 9.395000000000000018e-01
3.471416199999999730e+00 9.469999999999999529e-01
3.480103399999999958e+00 9.492000000000000437e-01
3.488812400000000480e+00 9.374000000000000110e-01
3.497543099999999683e+00 9.314999999999999947e-01
3.506295700000000348e+00 9.382000000000000339e-01
3.515070199999999812e+00 9.435999999999999943e-01
3.523866700000000129e+00 9.492000000000000437e-01
3.532685199999999970e+00 9.574000000000000288e-01
3.541525699999999777e+00 9.658999999999999808e-01
3.550388399999999667e+00 9.704000000000000403e-01
3.559273200000000248e+00 9.747999999999999998e-01
3.568180299999999860e+00 9.769999999999999796e-01
3.577109700000000281e+00 9.714000000000000412e-01
3.586061400000000177e+00 9.641999999999999460e-01
3.595035600000000109e+00 9.628999999999999782e-01
3.604032100000000405e+00 9.644000000000000350e-01
3.613051200000000129e+00 9.661999999999999478e-01
3.622092899999999727e+00 9.726000000000000201e-01
3.631157200000000085e+00 9.697999999999999954e-01
3.640244200000000152e+00 9.637000000000000011e-01
3.649353899999999484e+00 9.647000000000000020e-01
3.658486400000000138e+00 9.594000000000000306e-01
3.667641799999999730e+00 9.500999999999999446e-01
3.676819999999999755e+00 9.486999999999999877e-01
3.686021300000000167e+00 9.553000000000000380e-01
3.695245599999999797e+00 9.563000000000000389e-01
3.704492899999999533e+00 9.481000000000000538e-01
3.713763399999999937e+00 9.461000000000000520e-01
3.723057100000000563e+00 9.530999999999999472e-01
3.732374100000000361e+00 9.609999999999999654e-01
3.741714299999999493e+00 9.694000000000000394e-01
3.751077999999999690e+00 9.758000000000000007e-01
3.760465099999999783e+00 9.751999999999999558e-01
3.769875600000000215e+00 9.668999999999999817e-01
3.779309700000000216e+00 9.613000000000000433e-01
3.788767500000000510e+00 9.655000000000000249e-01
3.798248899999999928e+00 9.688999999999999835e-01
3.807754000000000083e+00 9.667000000000000037e-01
3.817282899999999923e+00 9.635000000000000231e-01
3.826835599999999893e+00 9.622000000000000552e-01
3.836412300000000108e+00 9.607999999999999874e-01
3.846012900000000290e+00 9.634000000000000341e-01
3.855637599999999665e+00 9.673000000000000487e-01
3.865286299999999731e+00 9.603000000000000425e-01
3.874959199999999715e+00 9.476999999999999869e-01
3.884656300000000062e+00 9.499999999999999556e-01
3.894377700000000164e+00 9.610999999999999543e-01
3.904123300000000185e+00 9.650999999999999579e-01
3.913893400000000078e+00 9.647999999999999909e-01
3.923687900000000006e+00 9.648999999999999799e-01
3.933507000000000087e+00 9.653000000000000469e-01
3.943350600000000039e+00 9.640999999999999570e-01
3.953218800000000144e+00 9.644000000000000350e-01
3.963111800000000073e+00 9.647999999999999909e-01
3.973029400000000155e+00 9.638999999999999790e-01
3.982972000000000179e+00 9.658999999999999808e-01
3.992939400000000028e+00 9.727000000000000091e-01
4.002931700000000426e+00 9.771999999999999575e-01
4.012948999999999877e+00 9.760999999999999677e-01
4.022991399999999551e+00 9.709999999999999742e-01
4.033058999999999727e+00 9.683000000000000496e-01
4.043151700000000126e+00 9.697999999999999954e-01
4.053269700000000419e+00 9.637999999999999901e-01
4.063412999999999720e+00 9.556000000000000050e-01
4.073581700000000083e+00 9.595000000000000195e-01
4.083775900000000014e+00 9.656000000000000139e-01
4.093995500000000121e+00 9.688999999999999835e-01
4.104240700000000075e+00 9.744000000000000439e-01
4.114511600000000158e+00 9.734000000000000430e-01
4.124808200000000369e+00 9.699999999999999734e-01
4.135130499999999820e+00 9.714000000000000412e-01
4.145478699999999961e+00 9.708999999999999853e-01
4.155852799999999903e+00 9.666000000000000147e-01
4.166252799999999645e+00 9.666000000000000147e-01
4.176678800000000358e+00 9.671999999999999487e-01
4.187130999999999936e+00 9.670999999999999597e-01
4.197609299999999877e+00 9.693000000000000504e-01
4.208113799999999571e+00 9.704000000000000403e-01
4.218644600000000189e+00 9.711999999999999522e-01
4.229201799999999345e+00 9.718999999999999861e-01
4.239785399999999704e+00 9.741999999999999549e-01
4.250395399999999491e+00 9.785000000000000364e-01
4.261032000000000153e+00 9.806000000000000272e-01
4.271695300000000195e+00 9.772999999999999465e-01
4.282385200000000225e+00 9.576000000000000068e-01
4.293101899999999915e+00 9.085999999999999632e-01
4.303845400000000154e+00 8.731999999999999762e-01
4.314615700000000054e+00 8.917000000000000481e-01
4.325413100000000455e+00 9.215999999999999748e-01
4.336237399999999909e+00 9.270000000000000462e-01
4.347088900000000145e+00 8.871999999999999886e-01
4.357967499999999994e+00 8.366000000000000103e-01
4.368873299999999738e+00 8.446000000000000174e-01
4.379806399999999655e+00 8.743999999999999551e-01
4.390766900000000028e+00 8.615000000000000435e-01
4.401754799999999967e+00 8.185000000000000053e-01
4.412770199999999754e+00 7.936999999999999611e-01
4.423813100000000276e+00 7.904999999999999805e-01
4.434883700000000317e+00 7.974999999999999867e-01
4.445981999999999879e+00 8.016999999999999682e-01
4.457108100000000128e+00 7.829000000000000403e-01
4.468262000000000178e+00 7.552999999999999714e-01
4.479443899999999701e+00 7.491999999999999771e-01
4.490653699999999304e+00 7.609000000000000208e-01
4.501891500000000157e+00 7.438000000000000167e-01
4.513157499999999267e+00 7.096000000000000085e-01
4.524451700000000187e+00 6.995000000000000107e-01
4.535774199999999645e+00 7.116999999999999993e-01
4.547124900000000025e+00 7.357000000000000206e-01
4.558504099999999504e+00 7.539000000000000146e-01
4.569911799999999857e+00 7.523999999999999577e-01
4.581348000000000198e+00 7.409999999999999920e-01
4.592812799999999918e+00 7.302999999999999492e-01
4.604306300000000185e+00 7.197000000000000064e-01
4.615828600000000392e+00 7.140999999999999570e-01
4.627379699999999652e+00 7.249999999999999778e-01
4.638959799999999412e+00 7.405000000000000471e-01
4.650568800000000280e+00 7.429999999999999938e-01
4.662206799999999873e+00 7.299999999999999822e-01
4.673873999999999640e+00 7.217000000000000082e-01
4.685570399999999580e+00 7.337000000000000188e-01
4.697295999999999694e+00 7.449999999999999956e-01
4.709051000000000542e+00 7.314000000000000501e-01
4.720835400000000348e+00 7.185000000000000275e-01
4.732649300000000281e+00 7.104000000000000314e-01
4.744492799999999733e+00 7.038999999999999702e-01
4.756365899999999591e+00 7.271999999999999575e-01
4.768268700000000138e+00 7.554999999999999494e-01
4.780201299999999875e+00 7.602999999999999758e-01
4.792163700000000581e+00 7.571999999999999842e-01
4.804156100000000151e+00 7.532999999999999696e-01
4.816178500000000362e+00 7.596000000000000529e-01
4.828230999999999717e+00 7.743999999999999773e-01
4.840313700000000274e+00 7.764999999999999680e-01
4.852426600000000256e+00 7.634999999999999565e-01
4.864569799999999944e+00 7.528000000000000247e-01
4.876743400000000506e+00 7.524999999999999467e-01
4.888947400000000165e+00 7.609000000000000208e-01
4.901182000000000372e+00 7.721000000000000085e-01
4.913447200000000237e+00 7.762000000000000011e-01
4.925743200000000321e+00 7.741999999999999993e-01
4.938069800000000065e+00 7.701000000000000068e-01
4.950427399999999700e+00 7.673999999999999710e-01
4.962815800000000444e+00 7.711000000000000076e-01
4.975235300000000471e+00 7.741000000000000103e-01
4.987685800000000391e+00 7.781000000000000139e-01
5.000167499999999876e+00 7.796999999999999487e-01
5.012680399999999814e+00 7.715999999999999526e-01
5.025224599999999597e+00 7.762000000000000011e-01
5.037800299999999787e+00 7.962000000000000188e-01
5.050407400000000102e+00 8.041000000000000369e-01
5.063045999999999935e+00 7.976999999999999647e-01
5.075716299999999848e+00 7.906999999999999584e-01
5.088418299999999839e+00 7.957999999999999519e-01
5.101152100000000189e+00 7.975999999999999757e-01
5.113917700000000011e+00 7.919000000000000483e-01
5.126715299999999864e+00 7.973000000000000087e-01
5.139544899999999750e+00 8.116999999999999771e-01
5.152406599999999948e+00 8.205000000000000071e-01
5.165300499999999850e+00 8.346000000000000085e-01
5.178226699999999738e+00 8.478999999999999870e-01
5.191185199999999611e+00 8.334000000000000297e-01
5.204176200000000030e+00 8.194000000000000172e-01
5.217199599999999826e+00 8.333000000000000407e-01
5.230255699999999841e+00 8.483000000000000540e-01
5.243344400000000682e+00 8.500999999999999668e-01
5.256465900000000246e+00 8.497000000000000108e-01
5.269620199999999421e+00 8.532999999999999474e-01
5.282807400000000264e+00 8.498999999999999888e-01
5.296027599999999502e+00 8.396000000000000130e-01
5.309280999999999473e+00 8.303000000000000380e-01
5.322567399999999616e+00 8.225000000000000089e-01
5.335887200000000163e+00 8.208999999999999631e-01
5.349240200000000556e+00 8.233000000000000318e-01
5.362626699999999857e+00 8.276999999999999913e-01
5.376046699999999845e+00 8.213000000000000300e-01
5.389500299999999910e+00 8.122000000000000330e-01
5.402987500000000054e+00 8.153000000000000247e-01
5.416508499999999948e+00 8.245000000000000107e-01
5.430063300000000481e+00 8.417999999999999927e-01
5.443651999999999269e+00 8.680999999999999828e-01
5.457274799999999537e+00 8.828000000000000291e-01
5.470931600000000117e+00 8.739999999999999991e-01
5.484622600000000681e+00 8.620999999999999774e-01
5.498347899999999733e+00 8.618000000000000105e-01
5.512107499999999938e+00 8.628000000000000114e-01
5.525901600000000080e+00 8.670999999999999819e-01
5.539730200000000160e+00 8.778000000000000247e-01
5.553593299999999289e+00 8.861999999999999877e-01
5.567491200000000084e+00 8.849000000000000199e-01
5.581423899999999882e+00 8.760999999999999899e-01
5.595391399999999571e+00 8.692999999999999616e-01
5.609393899999999711e+00 8.727000000000000313e-01
5.623431399999999414e+00 8.814999999999999503e-01
5.637503999999999849e+00 8.905999999999999472e-01
5.651611899999999800e+00 8.959000000000000297e-01
5.665754999999999875e+00 8.901999999999999913e-01
5.679933600000000027e+00 8.844999999999999529e-01
5.694147599999999976e+00 8.801999999999999824e-01
5.708397299999999674e+00 8.782999999999999696e-01
5.722682499999999450e+00 8.834999999999999520e-01
5.737003500000000145e+00 8.904999999999999583e-01
5.751360400000000261e+00 8.992999999999999883e-01
5.765753199999999801e+00 9.054999999999999716e-01
5.780181999999999931e+00 8.985999999999999543e-01
5.794646900000000045e+00 8.910000000000000142e-01
5.809148000000000422e+00 8.965999999999999526e-01
5.823685399999999568e+00 9.111000000000000210e-01
5.838259199999999538e+00 9.169000000000000483e-01
5.852869499999999725e+00 9.103999999999999870e-01
5.867516300000000129e+00 9.080000000000000293e-01
5.882199700000000142e+00 9.093999999999999861e-01
5.896919900000000325e+00 9.082999999999999963e-01
5.911677000000000071e+00 9.055999999999999606e-01
5.926471000000000267e+00 9.051000000000000156e-01
5.941301999999999417e+00 9.131000000000000227e-01
5.956170100000000467e+00 9.268999999999999462e-01
5.971075400000000144e+00 9.379999999999999449e-01
5.986017999999999617e+00 9.365999999999999881e-01
6.000998100000000335e+00 9.290000000000000480e-01
6.016015600000000241e+00 9.274999999999999911e-01
6.031070599999999615e+00 9.283000000000000140e-01
6.046163400000000188e+00 9.310000000000000497e-01
6.061293899999999901e+00 9.292000000000000259e-01
6.076462300000000205e+00 9.284999999999999920e-01
6.091668699999999603e+00 9.378999999999999559e-01
6.106913099999999872e+00 9.458999999999999631e-01
6.122195699999999796e+00 9.502000000000000446e-01
6.137516500000000264e+00 9.582000000000000517e-01
6.152875599999999778e+00 9.618999999999999773e-01
6.168273200000000678e+00 9.575000000000000178e-01
6.183709300000000297e+00 9.530999999999999472e-01
6.199183999999999806e+00 9.500999999999999446e-01
6.214697499999999764e+00 9.524000000000000243e-01
6.230249800000000171e+00 9.549999999999999600e-01
6.245841000000000420e+00 9.535000000000000142e-01
6.261471199999999904e+00 9.524000000000000243e-01
6.277140600000000070e+00 9.565000000000000169e-01
6.292849099999999751e+00 9.613000000000000433e-01
6.308596999999999788e+00 9.609999999999999654e-01
6.324384199999999900e+00 9.598999999999999755e-01
6.340211000000000041e+00 9.633000000000000451e-01
6.356077399999999322e+00 9.665000000000000258e-01
6.371983499999999800e+00 9.645000000000000240e-01
6.387929399999999980e+00 9.609999999999999654e-01
6.403915200000000141e+00 9.645000000000000240e-01
6.419941000000000564e+00 9.695000000000000284e-01
6.436006900000000641e+00 9.678999999999999826e-01
6.452112999999999765e+00 9.646000000000000130e-01
6.468259500000000273e+00 9.647999999999999909e-01
6.484446300000000107e+00 9.688999999999999835e-01
6.500673599999999830e+00 9.726000000000000201e-01
6.516941600000000001e+00 9.725000000000000311e-01
6.533250200000000341e+00 9.740999999999999659e-01
6.549599699999999913e+00 9.792999999999999483e-01
6.565990099999999607e+00 9.816000000000000281e-01
6.582421499999999703e+00 9.815000000000000391e-01
6.598894000000000482e+00 9.829999999999999849e-01
6.615407700000000446e+00 9.856000000000000316e-01
6.631962799999999270e+00 9.886000000000000343e-01
6.648559299999999617e+00 9.891999999999999682e-01
6.665197299999999991e+00 9.829999999999999849e-01
6.681877000000000066e+00 9.751999999999999558e-01
6.698598399999999842e+00 9.767000000000000126e-01
6.715361599999999598e+00 9.824000000000000510e-01
6.732166800000000784e+00 9.834000000000000519e-01
6.749014100000000127e+00 9.821999999999999620e-01
6.765903500000000292e+00 9.834000000000000519e-01
6.782835200000000064e+00 9.859999999999999876e-01
6.799809200000000331e+00 9.885000000000000453e-01
6.816825800000000157e+00 9.890999999999999792e-01
6.833884900000000151e+00 9.872999999999999554e-01
6.850986699999999985e+00 9.850999999999999757e-01
6.868131299999999051e+00 9.846000000000000307e-01
6.885318799999999406e+00 9.856000000000000316e-01
6.902549300000000443e+00 9.872999999999999554e-01
6.919822999999999169e+00 9.859999999999999876e-01
6.937139799999999745e+00 9.858999999999999986e-01
6.954500000000000348e+00 9.891999999999999682e-01
6.971903699999999482e+00 9.913999999999999480e-01
6.989350900000000699e+00 9.917000000000000259e-01
7.006841699999999840e+00 9.913999999999999480e-01
7.024376399999999521e+00 9.910999999999999810e-01
7.041954900000000350e+00 9.931999999999999718e-01
7.059577400000000225e+00 9.956000000000000405e-01
7.077244000000000312e+00 9.958000000000000185e-01
7.094954799999999118e+00 9.948000000000000176e-01
7.112709900000000474e+00 9.952999999999999625e-01
7.130509500000000500e+00 9.962999999999999634e-01
7.148353599999999197e+00 9.973999999999999533e-01
7.166242399999999790e+00 9.975000000000000533e-01
7.184175900000000503e+00 9.969000000000000083e-01
7.202154300000000120e+00 9.968000000000000194e-01
7.220177699999999810e+00 9.969000000000000083e-01
7.238246199999999853e+00 9.966000000000000414e-01
7.256359900000000529e+00 9.970999999999999863e-01
7.274519000000000624e+00 9.977000000000000313e-01
7.292723500000000136e+00 9.975000000000000533e-01
7.310973500000000236e+00 9.977000000000000313e-01
7.329269199999999707e+00 9.982999999999999652e-01
7.347610700000000605e+00 9.977000000000000313e-01
7.365998099999999660e+00 9.955000000000000515e-01
7.384431600000000984e+00 9.928000000000000158e-01
7.402911100000000744e+00 9.937000000000000277e-01
7.421436900000000669e+00 9.957000000000000295e-01
7.440009100000000153e+00 9.952999999999999625e-01
7.458627700000000083e+00 9.956000000000000405e-01
7.477292900000000131e+00 9.975000000000000533e-01
7.496004799999999690e+00 9.985000000000000542e-01
7.514763600000000210e+00 9.983999999999999542e-01
7.533569299999999913e+00 9.980999999999999872e-01
7.552422100000000249e+00 9.980999999999999872e-01
7.571322000000000330e+00 9.985000000000000542e-01
7.590269300000000108e+00 9.989999999999999991e-01
7.609263899999999303e+00 9.989999999999999991e-01
7.628306100000000534e+00 9.987000000000000322e-01
7.647396000000000527e+00 9.987000000000000322e-01
7.666533599999999282e+00 9.987000000000000322e-01
7.685719100000000914e+00 9.987000000000000322e-01
7.704952599999999485e+00 9.989000000000000101e-01
7.724234299999999109e+00 9.989000000000000101e-01
7.743564200000000675e+00 9.989000000000000101e-01
7.762942500000000301e+00 9.988000000000000211e-01
7.782369199999999765e+00 9.985000000000000542e-01
7.801844599999999907e+00 9.985000000000000542e-01
7.821368700000000729e+00 9.981999999999999762e-01
7.840941700000000125e+00 9.979999999999999982e-01
7.860563700000000154e+00 9.983999999999999542e-01
7.880234800000000206e+00 9.986000000000000432e-01
7.899955100000000563e+00 9.988000000000000211e-01
7.919724700000000617e+00 9.989000000000000101e-01
7.939543799999999152e+00 9.987000000000000322e-01
7.959412500000000001e+00 9.982999999999999652e-01
7.979331000000000174e+00 9.979000000000000092e-01
7.999299300000000557e+00 9.977000000000000313e-01
8.019317499999999654e+00 9.975000000000000533e-01
8.039385899999999197e+00 9.977000000000000313e-01
8.059504499999999183e+00 9.980999999999999872e-01
8.079673399999999006e+00 9.980999999999999872e-01
8.099892799999999227e+00 9.976000000000000423e-01
8.120162799999999237e+00 9.971999999999999753e-01
8.140483500000000205e+00 9.972999999999999643e-01
8.160854999999999748e+00 9.981999999999999762e-01
8.181277599999999595e+00 9.989999999999999991e-01
8.201751299999999745e+00 9.991999999999999771e-01
8.222276100000000199e+00 9.990999999999999881e-01
8.242852400000000301e+00 9.990999999999999881e-01
8.263480200000000053e+00 9.992999999999999661e-01
8.284159499999999454e+00 9.991999999999999771e-01
8.304890600000000234e+00 9.991999999999999771e-01
8.325673600000000008e+00 9.991999999999999771e-01
8.346508599999999944e+00 9.991999999999999771e-01
8.367395800000000605e+00 9.991999999999999771e-01
8.388335200000000214e+00 9.991999999999999771e-01
8.409327000000001107e+00 9.990999999999999881e-01
8.430371400000000293e+00 9.987000000000000322e-01
8.451468399999999548e+00 9.981999999999999762e-01
8.472618199999999433e+00 9.986000000000000432e-01
8.493821000000000510e+00 9.991999999999999771e-01
8.515076699999999832e+00 9.993999999999999551e-01
8.536385700000000298e+00 9.991999999999999771e-01
8.557748099999999525e+00 9.987000000000000322e-01
8.579163799999999895e+00 9.983999999999999542e-01
8.600633199999998979e+00 9.987000000000000322e-01
8.622156300000000329e+00 9.990999999999999881e-01
8.643733199999999783e+00 9.991999999999999771e-01
8.665364200000000849e+00 9.992999999999999661e-01
8.687049299999999974e+00 9.991999999999999771e-01
8.708788600000000102e+00 9.989999999999999991e-01
8.730582399999999410e+00 9.991999999999999771e-01
8.752430699999999675e+00 9.995000000000000551e-01
8.774333699999999681e+00 9.995000000000000551e-01
8.796291400000001204e+00 9.991999999999999771e-01
8.818304200000000037e+00 9.989000000000000101e-01
8.840372000000000341e+00 9.987000000000000322e-01
8.862494999999999123e+00 9.987000000000000322e-01
8.884673400000000498e+00 9.989999999999999991e-01
8.906907300000000305e+00 9.991999999999999771e-01
8.929196899999999104e+00 9.992999999999999661e-01
8.951542200000000449e+00 9.991999999999999771e-01
8.973943499999998963e+00 9.989000000000000101e-01
8.996400799999999975e+00 9.988000000000000211e-01
9.018914300000000495e+00 9.988000000000000211e-01
9.041484099999999913e+00 9.986000000000000432e-01
9.064110400000000567e+00 9.980999999999999872e-01
9.086793399999999465e+00 9.979000000000000092e-01
9.109533100000000161e+00 9.986000000000000432e-01
9.132329700000001438e+00 9.992999999999999661e-01
9.155183400000000304e+00 9.995000000000000551e-01
9.178094200000000313e+00 9.995000000000000551e-01
9.201062399999999641e+00 9.997000000000000330e-01
9.224088099999999457e+00 9.998000000000000220e-01
9.247171400000000929e+00 9.998000000000000220e-01
9.270312399999999897e+00 9.998000000000000220e-01
9.293511399999999867e+00 9.999000000000000110e-01
9.316768399999999062e+00 9.999000000000000110e-01
9.340083699999999212e+00 9.997000000000000330e-01
9.363457199999999148e+00 9.996000000000000441e-01
9.386889299999999992e+00 9.998000000000000220e-01
9.410379999999999967e+00 9.998000000000000220e-01
9.433929499999999635e+00 9.998000000000000220e-01
9.457537900000000164e+00 9.998000000000000220e-01
9.481205400000000338e+00 9.998000000000000220e-01
9.504932099999999551e+00 9.999000000000000110e-01
9.528718200000000138e+00 1.000000000000000000e+00
9.552563899999999109e+00 1.000000000000000000e+00
9.576469200000000015e+00 1.000000000000000000e+00
9.600434299999999865e+00 9.999000000000000110e-01
9.624459399999999221e+00 9.999000000000000110e-01
9.648544599999999249e+00 9.999000000000000110e-01
9.672690100000000513e+00 1.000000000000000000e+00
9.696896000000000626e+00 1.000000000000000000e+00
9.721162500000000151e+00 9.999000000000000110e-01
9.745489799999999647e+00 9.998000000000000220e-01
9.769877899999999116e+00 9.998000000000000220e-01
9.794327000000000893e+00 9.999000000000000110e-01
9.818837300000000212e+00 1.000000000000000000e+00
9.843408999999999409e+00 1.000000000000000000e+00
9.868042100000000261e+00 1.000000000000000000e+00
9.892736900000000944e+00 1.000000000000000000e+00
9.917493499999999074e+00 9.996000000000000441e-01
9.942311999999999372e+00 9.988000000000000211e-01
9.967192700000000016e+00 9.986000000000000432e-01
9.992135599999999229e+00 9.993999999999999551e-01
1.001714089999999935e+01 1.000000000000000000e+00
1.004220880000000093e+01 1.000099999999999989e+00
1.006733939999999983e+01 1.000099999999999989e+00
1.009253299999999953e+01 1.000099999999999989e+00
1.011778960000000005e+01 1.000199999999999978e+00
1.014310929999999900e+01 1.000199999999999978e+00
1.016849250000000104e+01 1.000199999999999978e+00
1.019393909999999970e+01 1.000099999999999989e+00
1.021944949999999963e+01 9.999000000000000110e-01
1.024502369999999907e+01 9.999000000000000110e-01
1.027066190000000034e+01 1.000099999999999989e+00
1.029636420000000108e+01 1.000099999999999989e+00
1.032213089999999944e+01 1.000099999999999989e+00
1.034796199999999899e+01 1.000099999999999989e+00
1.037385779999999968e+01 1.000099999999999989e+00
1.039981839999999913e+01 1.000099999999999989e+00
1.042584399999999967e+01 1.000199999999999978e+00
1.045193460000000130e+01 1.000299999999999967e+00
1.047809059999999981e+01 1.000299999999999967e+00
1.050431209999999993e+01 1.000299999999999967e+00
1.053059909999999988e+01 1.000199999999999978e+00
1.055695189999999961e+01 1.000099999999999989e+00
1.058337069999999969e+01 9.997000000000000330e-01
1.060985559999999950e+01 9.996000000000000441e-01
1.063640679999999961e+01 9.999000000000000110e-01
1.066302440000000118e+01 1.000099999999999989e+00
1.068970870000000062e+01 1.000099999999999989e+00
1.071645969999999970e+01 1.000199999999999978e+00
1.074327759999999898e+01 1.000299999999999967e+00
1.077016270000000020e+01 1.000199999999999978e+00
1.079711499999999980e+01 9.998000000000000220e-01
1.082413479999999950e+01 9.997000000000000330e-01
1.085122219999999871e+01 1.000000000000000000e+00
1.087837739999999975e+01 1.000299999999999967e+00
1.090560059999999964e+01 1.000299999999999967e+00
1.093289189999999955e+01 1.000299999999999967e+00
1.096025139999999887e+01 1.000399999999999956e+00
1.098767950000000049e+01 1.000399999999999956e+00
1.101517620000000086e+01 1.000199999999999978e+00
1.104274170000000055e+01 9.999000000000000110e-01
1.107037610000000072e+01 1.000000000000000000e+00
1.109807979999999894e+01 1.000199999999999978e+00
1.112585269999999937e+01 1.000299999999999967e+00
1.115369520000000136e+01 1.000199999999999978e+00
1.118160729999999958e+01 1.000000000000000000e+00
1.120958929999999931e+01 1.000099999999999989e+00
1.123764129999999994e+01 1.000299999999999967e+00
1.126576350000000026e+01 1.000199999999999978e+00
1.129395610000000083e+01 9.999000000000000110e-01
1.132221930000000043e+01 9.999000000000000110e-01
1.135055310000000084e+01 9.998000000000000220e-01
1.137895789999999963e+01 9.985000000000000542e-01
1.140743379999999974e+01 9.977000000000000313e-01
1.143598089999999878e+01 9.991999999999999771e-01
1.146459940000000088e+01 1.000399999999999956e+00
1.149328959999999888e+01 1.000599999999999934e+00
1.152205160000000106e+01 1.000499999999999945e+00
1.155088549999999969e+01 1.000199999999999978e+00
1.157979160000000007e+01 9.998000000000000220e-01
1.160877010000000098e+01 9.997000000000000330e-01
1.163782100000000064e+01 1.000199999999999978e+00
1.166694470000000017e+01 1.000699999999999923e+00
1.169614119999999957e+01 1.000899999999999901e+00
1.172541079999999880e+01 1.000999999999999890e+00
1.175475370000000019e+01 1.000899999999999901e+00
1.178416999999999959e+01 1.000799999999999912e+00
1.181365989999999933e+01 1.000599999999999934e+00
1.184322359999999996e+01 1.000599999999999934e+00
1.187286130000000028e+01 1.000299999999999967e+00
1.190257309999999968e+01 9.997000000000000330e-01
1.193235929999999989e+01 9.999000000000000110e-01
1.196222009999999969e+01 1.000799999999999912e+00
1.199215549999999908e+01 1.001200000000000090e+00
1.202216589999999918e+01 1.001200000000000090e+00
1.205225139999999939e+01 1.001100000000000101e+00
1.208241220000000027e+01 1.000899999999999901e+00
1.211264839999999943e+01 1.000899999999999901e+00
1.214296040000000154e+01 1.000799999999999912e+00
1.217334810000000012e+01 1.000099999999999989e+00
1.220381189999999982e+01 9.989999999999999991e-01
1.223435200000000123e+01 9.989999999999999991e-01
1.226496850000000016e+01 9.993999999999999551e-01
1.229566159999999897e+01 1.000099999999999989e+00
1.232643149999999999e+01 1.000799999999999912e+00
1.235727840000000022e+01 1.001100000000000101e+00
1.238820250000000023e+01 1.001100000000000101e+00
1.241920399999999880e+01 1.000999999999999890e+00
1.245028310000000005e+01 1.000999999999999890e+00
1.248143989999999981e+01 1.001200000000000090e+00
1.251267469999999982e+01 1.001400000000000068e+00
1.254398769999999885e+01 1.001400000000000068e+00
1.257537909999999926e+01 1.001400000000000068e+00
1.260684900000000042e+01 1.001100000000000101e+00
1.263839759999999934e+01 1.000799999999999912e+00
1.267002519999999954e+01 1.000999999999999890e+00
1.270173200000000158e+01 1.001300000000000079e+00
1.273351809999999951e+01 1.001300000000000079e+00
1.276538369999999922e+01 1.001300000000000079e+00
1.279732909999999890e+01 1.001300000000000079e+00
1.282935439999999971e+01 1.001400000000000068e+00
1.286145989999999983e+01 1.001400000000000068e+00
1.289364569999999866e+01 1.001400000000000068e+00
1.292591209999999968e+01 1.001300000000000079e+00
1.295825920000000053e+01 1.001300000000000079e+00
1.299068730000000116e+01 1.001300000000000079e+00
1.302319649999999918e+01 1.000999999999999890e+00
1.305578709999999987e+01 1.000099999999999989e+00
1.308845920000000085e+01 9.998000000000000220e-01
1.312121309999999852e+01 1.000599999999999934e+00
1.315404889999999938e+01 1.001200000000000090e+00
1.318696689999999982e+01 1.001200000000000090e+00
1.321996730000000042e+01 1.001200000000000090e+00
1.325305029999999995e+01 1.001400000000000068e+00
1.328621609999999897e+01 1.001500000000000057e+00
1.331946489999999983e+01 1.001500000000000057e+00
1.335279690000000130e+01 1.001500000000000057e+00
1.338621220000000100e+01 1.001500000000000057e+00
1.341971130000000123e+01 1.001500000000000057e+00
1.345329409999999903e+01 1.001600000000000046e+00
1.348696099999999909e+01 1.001500000000000057e+00
1.352071210000000079e+01 1.001100000000000101e+00
1.355454770000000053e+01 1.000799999999999912e+00
1.358846799999999888e+01 1.001300000000000079e+00
1.362247310000000056e+01 1.002000000000000002e+00
1.365656339999999958e+01 1.002499999999999947e+00
1.369073900000000066e+01 1.002799999999999914e+00
1.372500009999999904e+01 1.003200000000000092e+00
1.375934690000000060e+01 1.003500000000000059e+00
1.379377969999999998e+01 1.003600000000000048e+00
1.382829860000000011e+01 1.003800000000000026e+00
1.386290400000000034e+01 1.004099999999999993e+00
1.389759590000000067e+01 1.004199999999999982e+00
1.393237460000000105e+01 1.004099999999999993e+00
1.396724040000000144e+01 1.003900000000000015e+00
1.400219350000000063e+01 1.003200000000000092e+00
1.403723399999999977e+01 1.001800000000000024e+00
1.407236220000000060e+01 1.000699999999999923e+00
1.410757830000000013e+01 1.001100000000000101e+00
1.414288250000000069e+01 1.002199999999999980e+00
1.417827509999999869e+01 1.002799999999999914e+00
1.421375620000000062e+01 1.002699999999999925e+00
1.424932619999999872e+01 1.002499999999999947e+00
1.428498510000000010e+01 1.002399999999999958e+00
1.432073330000000055e+01 1.002299999999999969e+00
1.435657099999999886e+01 1.002199999999999980e+00
1.439249830000000152e+01 1.002199999999999980e+00
1.442851559999999900e+01 1.002199999999999980e+00
1.446462289999999840e+01 1.002000000000000002e+00
1.450082070000000023e+01 1.001900000000000013e+00
1.453710899999999917e+01 1.001800000000000024e+00
1.457348809999999872e+01 1.001700000000000035e+00
1.460995830000000062e+01 1.001500000000000057e+00
1.464651969999999892e+01 1.001500000000000057e+00
1.468317270000000185e+01 1.001500000000000057e+00
1.471991730000000054e+01 1.001500000000000057e+00
1.475675400000000081e+01 1.001500000000000057e+00
1.479368269999999974e+01 1.001600000000000046e+00
1.483070400000000078e+01 1.001500000000000057e+00
1.486781780000000097e+01 1.001400000000000068e+00
1.490502449999999968e+01 1.001400000000000068e+00
1.494232440000000040e+01 1.001400000000000068e+00
1.497971760000000074e+01 1.001300000000000079e+00
1.501720430000000128e+01 1.001300000000000079e+00
1.505478489999999958e+01 1.001400000000000068e+00
1.509245950000000036e+01 1.001400000000000068e+00
1.513022840000000180e+01 1.001400000000000068e+00
1.516809180000000090e+01 1.001300000000000079e+00
1.520604999999999940e+01 1.001100000000000101e+00
1.524410320000000141e+01 1.000799999999999912e+00
1.528225160000000038e+01 1.000299999999999967e+00
1.532049540000000043e+01 1.000099999999999989e+00
1.535883500000000090e+01 1.000699999999999923e+00
1.539727049999999942e+01 1.001100000000000101e+00
1.543580219999999947e+01 1.001200000000000090e+00
1.547443030000000164e+01 1.001200000000000090e+00
1.551315510000000053e+01 1.001200000000000090e+00
1.555197669999999910e+01 1.001300000000000079e+00
1.559089560000000141e+01 1.001300000000000079e+00
1.562991179999999858e+01 1.001200000000000090e+00
1.566902570000000061e+01 1.001200000000000090e+00
1.570823749999999919e+01 1.001200000000000090e+00
1.574754729999999903e+01 1.001200000000000090e+00
1.578695560000000064e+01 1.001200000000000090e+00
1.582646249999999988e+01 1.001200000000000090e+00
1.586606820000000084e+01 1.001100000000000101e+00
1.590577309999999933e+01 1.000899999999999901e+00
1.594557729999999829e+01 1.000199999999999978e+00
1.598548109999999944e+01 9.981999999999999762e-01
1.602548480000000097e+01 9.969000000000000083e-01
1.606558859999999811e+01 9.987000000000000322e-01
1.610579269999999852e+01 1.000599999999999934e+00
1.614609749999999977e+01 1.001100000000000101e+00
1.618650309999999948e+01 1.001200000000000090e+00
1.622700989999999877e+01 1.001200000000000090e+00
1.626761799999999880e+01 1.001100000000000101e+00
1.630832769999999954e+01 1.001100000000000101e+00
1.634913930000000093e+01 1.001100000000000101e+00
1.639005309999999938e+01 1.000999999999999890e+00
1.643106919999999960e+01 1.000999999999999890e+00
1.647218799999999916e+01 1.001100000000000101e+00
1.651340970000000041e+01 1.001100000000000101e+00
1.655473449999999858e+01 1.001100000000000101e+00
1.659616270000000071e+01 1.000899999999999901e+00
1.663769459999999967e+01 1.000699999999999923e+00
1.667933049999999895e+01 1.000799999999999912e+00
1.672107049999999973e+01 1.000899999999999901e+00
1.676291499999999957e+01 1.000799999999999912e+00
1.680486430000000198e+01 1.000299999999999967e+00
1.684691850000000102e+01 1.000000000000000000e+00
1.688907790000000020e+01 1.000099999999999989e+00
1.693134280000000302e+01 9.989000000000000101e-01
1.697371350000000234e+01 9.969999999999999973e-01
1.701619029999999810e+01 9.980999999999999872e-01
1.705877330000000214e+01 1.000199999999999978e+00
1.710146289999999780e+01 1.000899999999999901e+00
1.714425929999999809e+01 1.000899999999999901e+00
1.718716289999999702e+01 1.000899999999999901e+00
1.723017380000000287e+01 1.000899999999999901e+00
1.727329230000000138e+01 1.000799999999999912e+00
1.731651869999999960e+01 1.000699999999999923e+00
1.735985340000000221e+01 1.000499999999999945e+00
1.740329640000000211e+01 1.000599999999999934e+00
1.744684819999999803e+01 1.000799999999999912e+00
1.749050890000000180e+01 1.000999999999999890e+00
1.753427900000000150e+01 1.000999999999999890e+00
1.757815850000000069e+01 1.000999999999999890e+00
1.762214789999999809e+01 1.000899999999999901e+00
1.766624729999999843e+01 1.000799999999999912e+00
1.771045709999999929e+01 1.000499999999999945e+00
1.775477760000000060e+01 1.000000000000000000e+00
1.779920890000000000e+01 1.000099999999999989e+00
1.784375149999999977e+01 1.000599999999999934e+00
1.788840550000000107e+01 1.000799999999999912e+00
1.793317120000000031e+01 1.000799999999999912e+00
1.797804899999999861e+01 1.000799999999999912e+00
1.802303910000000187e+01 1.000799999999999912e+00
1.806814179999999936e+01 1.000799999999999912e+00
1.811335730000000055e+01 1.000799999999999912e+00
1.815868599999999944e+01 1.000799999999999912e+00
1.820412819999999954e+01 1.000699999999999923e+00
1.824968399999999846e+01 1.000599999999999934e+00
1.829535389999999850e+01 1.000599999999999934e+00
1.834113800000000083e+01 1.000699999999999923e+00
1.838703669999999946e+01 1.000799999999999912e+00
1.843305030000000144e+01 1.000699999999999923e+00
1.847917909999999964e+01 1.000399999999999956e+00
1.852542319999999876e+01 1.000199999999999978e+00
1.857178310000000110e+01 1.000399999999999956e+00
1.861825899999999834e+01 1.000599999999999934e+00
1.866485119999999753e+01 1.000699999999999923e+00
1.871156009999999981e+01 1.000799999999999912e+00
1.875838579999999922e+01 1.000799999999999912e+00
1.880532859999999928e+01 1.000499999999999945e+00
1.885238900000000228e+01 1.000000000000000000e+00
1.889956709999999873e+01 9.999000000000000110e-01
1.894686330000000041e+01 1.000399999999999956e+00
1.899427790000000016e+01 1.000599999999999934e+00
1.904181110000000032e+01 1.000699999999999923e+00
1.908946320000000085e+01 1.000899999999999901e+00
1.913723459999999932e+01 1.000899999999999901e+00
1.918512559999999922e+01 1.000999999999999890e+00
1.923313639999999936e+01 1.000899999999999901e+00
1.928126729999999966e+01 1.000000000000000000e+00
1.932951870000000127e+01 9.977000000000000313e-01
1.937789090000000058e+01 9.966000000000000414e-01
1.942638409999999993e+01 9.988000000000000211e-01
1.947499859999999927e+01 1.000499999999999945e+00
1.952373479999999972e+01 1.000399999999999956e+00
1.957259299999999769e+01 9.999000000000000110e-01
1.962157339999999905e+01 1.000099999999999989e+00
1.967067650000000256e+01 1.000699999999999923e+00
1.971990229999999755e+01 1.000999999999999890e+00
1.976925139999999814e+01 1.000999999999999890e+00
1.981872399999999956e+01 1.000899999999999901e+00
1.986832039999999822e+01 1.000899999999999901e+00
1.991804090000000116e+01 1.000899999999999901e+00
1.996788580000000124e+01 1.000899999999999901e+00
2.001785549999999958e+01 1.000799999999999912e+00
2.006795020000000207e+01 1.000499999999999945e+00
2.011817019999999800e+01 1.000299999999999967e+00
2.016851600000000033e+01 1.000599999999999934e+00
2.021898769999999956e+01 1.000899999999999901e+00
2.026958580000000154e+01 1.000899999999999901e+00
2.032031040000000033e+01 1.000899999999999901e+00
2.037116199999999822e+01 1.000899999999999901e+00
2.042214090000000226e+01 1.000999999999999890e+00
2.047324730000000059e+01 1.000999999999999890e+00
2.052448170000000260e+01 1.000899999999999901e+00
2.057584420000000236e+01 1.000699999999999923e+00
2.062733529999999860e+01 1.000699999999999923e+00
2.067895520000000076e+01 1.000699999999999923e+00
2.073070429999999931e+01 1.000599999999999934e+00
2.078258290000000130e+01 9.997000000000000330e-01
2.083459139999999721e+01 9.972999999999999643e-01
2.088673000000000002e+01 9.961999999999999744e-01
2.093899899999999903e+01 9.982999999999999652e-01
2.099139890000000008e+01 1.000199999999999978e+00
2.104392989999999841e+01 1.000699999999999923e+00
2.109659239999999869e+01 1.000699999999999923e+00
2.114938659999999970e+01 1.000599999999999934e+00
2.120231300000000019e+01 1.000499999999999945e+00
2.125537179999999893e+01 1.000399999999999956e+00
2.130856340000000060e+01 1.000399999999999956e+00
2.136188809999999805e+01 1.000399999999999956e+00
2.141534619999999833e+01 1.000399999999999956e+00
2.146893820000000019e+01 1.000399999999999956e+00
2.152266419999999769e+01 1.000099999999999989e+00
2.157652470000000022e+01 1.000099999999999989e+00
2.163052000000000064e+01 1.000299999999999967e+00
2.168465039999999888e+01 1.000399999999999956e+00
2.173891629999999964e+01 1.000399999999999956e+00
2.179331790000000169e+01 1.000399999999999956e+00
2.184785570000000021e+01 1.000399999999999956e+00
2.190252999999999872e+01 1.000399999999999956e+00
2.195734110000000072e+01 1.000399999999999956e+00
2.201228940000000023e+01 1.000299999999999967e+00
2.206737520000000075e+01 1.000299999999999967e+00
2.212259880000000223e+01 1.000299999999999967e+00
2.217796059999999869e+01 1.000299999999999967e+00
2.223346099999999836e+01 1.000199999999999978e+00
2.228910030000000120e+01 9.999000000000000110e-01
2.234487880000000004e+01 9.999000000000000110e-01
2.240079689999999957e+01 1.000099999999999989e+00
2.245685489999999973e+01 1.000299999999999967e+00
2.251305320000000165e+01 1.000199999999999978e+00
2.256939210000000173e+01 9.992999999999999661e-01
2.262587209999999871e+01 9.970999999999999863e-01
2.268249340000000203e+01 9.963999999999999524e-01
2.273925630000000098e+01 9.985000000000000542e-01
2.279616130000000140e+01 1.000000000000000000e+00
2.285320879999999732e+01 1.000299999999999967e+00
2.291039890000000057e+01 1.000299999999999967e+00
2.296773219999999682e+01 1.000299999999999967e+00
2.302520900000000026e+01 1.000199999999999978e+00
2.308282960000000017e+01 1.000199999999999978e+00
2.314059439999999768e+01 1.000199999999999978e+00
2.319850380000000101e+01 1.000199999999999978e+00
2.325655809999999946e+01 1.000199999999999978e+00
2.331475769999999770e+01 1.000199999999999978e+00
2.337310289999999924e+01 1.000199999999999978e+00
2.343159409999999809e+01 1.000199999999999978e+00
2.349023170000000249e+01 1.000199999999999978e+00
2.354901600000000172e+01 1.000199999999999978e+00
2.360794750000000164e+01 1.000199999999999978e+00
2.366702640000000102e+01 1.000199999999999978e+00
2.372625309999999743e+01 1.000199999999999978e+00
2.378562810000000027e+01 1.000199999999999978e+00
2.384515169999999884e+01 1.000199999999999978e+00
2.390482420000000019e+01 1.000199999999999978e+00
2.396464609999999951e+01 1.000199999999999978e+00
2.402461759999999913e+01 1.000199999999999978e+00
2.408473930000000252e+01 1.000199999999999978e+00
2.414501130000000018e+01 1.000000000000000000e+00
2.420543430000000029e+01 1.000000000000000000e+00
2.426600840000000048e+01 1.000099999999999989e+00
2.432673409999999947e+01 1.000199999999999978e+00
2.438761179999999840e+01 1.000199999999999978e+00
2.444864180000000076e+01 1.000199999999999978e+00
2.450982460000000174e+01 1.000199999999999978e+00
2.457116040000000012e+01 1.000199999999999978e+00
2.463264979999999937e+01 1.000199999999999978e+00
2.469429299999999827e+01 9.998000000000000220e-01
2.475609049999999911e+01 9.983999999999999542e-01
2.481804269999999946e+01 9.968000000000000194e-01
2.488014990000000282e+01 9.978000000000000203e-01
2.494241249999999965e+01 9.995000000000000551e-01
